orderbook_timestamp,book,bid,ask,spread
2024-07-17 14:48:03+00:00,btc_mxn,1156000.0,1156350.0,0.03
2024-07-17 14:48:04+00:00,btc_mxn,1156010.0,1156350.0,0.029
2024-07-17 14:48:05+00:00,btc_mxn,1156010.0,1156350.0,0.029
2024-07-17 14:48:06+00:00,btc_mxn,1156010.0,1156350.0,0.029
2024-07-17 14:48:08+00:00,btc_mxn,1156010.0,1157700.02,0.146
2024-07-17 14:48:08+00:00,btc_mxn,1156010.0,1157700.02,0.146
2024-07-17 14:48:09+00:00,btc_mxn,1156010.0,1157700.02,0.146
2024-07-17 14:48:10+00:00,btc_mxn,1156010.0,1157700.02,0.146
2024-07-17 14:48:11+00:00,btc_mxn,1156010.0,1157700.02,0.146
2024-07-17 14:48:12+00:00,btc_mxn,1156010.0,1157700.02,0.146
2024-07-17 14:48:13+00:00,btc_mxn,1156010.0,1157700.02,0.146
2024-07-17 14:48:14+00:00,btc_mxn,1156010.0,1157700.02,0.146
2024-07-17 14:48:15+00:00,btc_mxn,1156010.0,1157700.02,0.146
2024-07-17 14:48:16+00:00,btc_mxn,1156010.0,1157700.02,0.146
2024-07-17 14:48:17+00:00,btc_mxn,1156010.0,1157700.02,0.146
2024-07-17 14:48:18+00:00,btc_mxn,1156010.0,1157700.02,0.146
2024-07-17 14:48:19+00:00,btc_mxn,1156010.0,1157700.02,0.146
2024-07-17 14:48:20+00:00,btc_mxn,1156010.0,1157700.02,0.146
2024-07-17 14:48:21+00:00,btc_mxn,1156010.0,1157700.02,0.146
2024-07-17 14:48:22+00:00,btc_mxn,1156070.0,1157700.02,0.141
2024-07-17 14:48:23+00:00,btc_mxn,1156070.0,1157700.02,0.141
2024-07-17 14:48:24+00:00,btc_mxn,1156070.0,1157700.02,0.141
2024-07-17 14:48:25+00:00,btc_mxn,1156070.0,1157700.02,0.141
2024-07-17 14:48:26+00:00,btc_mxn,1156070.0,1157700.02,0.141
2024-07-17 14:48:27+00:00,btc_mxn,1156070.0,1157700.02,0.141
2024-07-17 14:48:28+00:00,btc_mxn,1156070.0,1157700.02,0.141
2024-07-17 14:48:29+00:00,btc_mxn,1156070.0,1157700.02,0.141
2024-07-17 14:48:30+00:00,btc_mxn,1156070.0,1157700.02,0.141
2024-07-17 14:48:31+00:00,btc_mxn,1156070.0,1157700.02,0.141
2024-07-17 14:48:32+00:00,btc_mxn,1156070.0,1157700.02,0.141
2024-07-17 14:48:33+00:00,btc_mxn,1156070.0,1157700.02,0.141
2024-07-17 14:48:34+00:00,btc_mxn,1156070.0,1157700.02,0.141
2024-07-17 14:48:35+00:00,btc_mxn,1156070.0,1157700.02,0.141
2024-07-17 14:48:36+00:00,btc_mxn,1156070.0,1157700.02,0.141
2024-07-17 14:48:37+00:00,btc_mxn,1156070.0,1157700.02,0.141
2024-07-17 14:48:38+00:00,btc_mxn,1156070.0,1157700.02,0.141
2024-07-17 14:48:39+00:00,btc_mxn,1156070.0,1157700.02,0.141
2024-07-17 14:48:40+00:00,btc_mxn,1156070.0,1157700.02,0.141
2024-07-17 14:48:42+00:00,btc_mxn,1156070.0,1157700.02,0.141
2024-07-17 14:48:43+00:00,btc_mxn,1156070.0,1157700.02,0.141
2024-07-17 14:48:43+00:00,btc_mxn,1156070.0,1157700.02,0.141
2024-07-17 14:48:45+00:00,btc_mxn,1156070.0,1157700.02,0.141
2024-07-17 14:48:46+00:00,btc_mxn,1156070.0,1157700.02,0.141
2024-07-17 14:48:47+00:00,btc_mxn,1156070.0,1157700.02,0.141
2024-07-17 14:48:48+00:00,btc_mxn,1156070.0,1157700.02,0.141
2024-07-17 14:48:49+00:00,btc_mxn,1156070.0,1157700.02,0.141
2024-07-17 14:48:50+00:00,btc_mxn,1156070.0,1157700.02,0.141
2024-07-17 14:48:51+00:00,btc_mxn,1156070.0,1157700.02,0.141
2024-07-17 14:48:52+00:00,btc_mxn,1156070.0,1157700.02,0.141
2024-07-17 14:48:53+00:00,btc_mxn,1156070.0,1157700.02,0.141
2024-07-17 14:48:54+00:00,btc_mxn,1156070.0,1157700.02,0.141
2024-07-17 14:48:55+00:00,btc_mxn,1156070.0,1157700.02,0.141
2024-07-17 14:48:56+00:00,btc_mxn,1156070.0,1157700.02,0.141
2024-07-17 14:48:57+00:00,btc_mxn,1156070.0,1157700.02,0.141
2024-07-17 14:48:58+00:00,btc_mxn,1156070.0,1157700.02,0.141
2024-07-17 14:48:59+00:00,btc_mxn,1156070.0,1157700.02,0.141
2024-07-17 14:49:00+00:00,btc_mxn,1156070.0,1157700.02,0.141
2024-07-17 14:49:01+00:00,btc_mxn,1156070.0,1157700.02,0.141
2024-07-17 14:49:02+00:00,btc_mxn,1156070.0,1157700.02,0.141
2024-07-17 14:49:03+00:00,btc_mxn,1156070.0,1156710.0,0.055
2024-07-17 14:49:04+00:00,btc_mxn,1156070.0,1156720.0,0.056
2024-07-17 14:49:05+00:00,btc_mxn,1156070.0,1156660.0,0.051
2024-07-17 14:49:06+00:00,btc_mxn,1156070.0,1156660.0,0.051
2024-07-17 14:49:07+00:00,btc_mxn,1156070.0,1156490.0,0.036
2024-07-17 14:49:08+00:00,btc_mxn,1156070.0,1156460.0,0.034
2024-07-17 14:49:09+00:00,btc_mxn,1156070.0,1156180.0,0.01
2024-07-17 14:49:10+00:00,btc_mxn,1155600.0,1156140.0,0.047
2024-07-17 14:49:11+00:00,btc_mxn,1155600.0,1156140.0,0.047
2024-07-17 14:49:12+00:00,btc_mxn,1155600.0,1156140.0,0.047
2024-07-17 14:49:13+00:00,btc_mxn,1155600.0,1156140.0,0.047
2024-07-17 14:49:14+00:00,btc_mxn,1155600.0,1155980.0,0.033
2024-07-17 14:49:15+00:00,btc_mxn,1155600.0,1155980.0,0.033
2024-07-17 14:49:16+00:00,btc_mxn,1155600.0,1155900.0,0.026
2024-07-17 14:49:17+00:00,btc_mxn,1155600.0,1155900.0,0.026
2024-07-17 14:49:18+00:00,btc_mxn,1155600.0,1155900.0,0.026
2024-07-17 14:49:19+00:00,btc_mxn,1155600.0,1155900.0,0.026
2024-07-17 14:49:20+00:00,btc_mxn,1155600.0,1155900.0,0.026
2024-07-17 14:49:21+00:00,btc_mxn,1155600.0,1155900.0,0.026
2024-07-17 14:49:22+00:00,btc_mxn,1155600.0,1155900.0,0.026
2024-07-17 14:49:23+00:00,btc_mxn,1155600.0,1155900.0,0.026
2024-07-17 14:49:24+00:00,btc_mxn,1155600.0,1155900.0,0.026
2024-07-17 14:49:25+00:00,btc_mxn,1155600.0,1155900.0,0.026
2024-07-17 14:49:26+00:00,btc_mxn,1155600.0,1155900.0,0.026
2024-07-17 14:49:27+00:00,btc_mxn,1155600.0,1155900.0,0.026
2024-07-17 14:49:28+00:00,btc_mxn,1155600.0,1155900.0,0.026
2024-07-17 14:49:29+00:00,btc_mxn,1155600.0,1155900.0,0.026
2024-07-17 14:49:30+00:00,btc_mxn,1155600.0,1155900.0,0.026
2024-07-17 14:49:31+00:00,btc_mxn,1155600.0,1155900.0,0.026
2024-07-17 14:49:32+00:00,btc_mxn,1155600.0,1155900.0,0.026
2024-07-17 14:49:34+00:00,btc_mxn,1155600.0,1155900.0,0.026
2024-07-17 14:49:35+00:00,btc_mxn,1155600.0,1155900.0,0.026
2024-07-17 14:49:36+00:00,btc_mxn,1155600.0,1155900.0,0.026
2024-07-17 14:49:37+00:00,btc_mxn,1155600.0,1155900.0,0.026
2024-07-17 14:49:39+00:00,btc_mxn,1155600.0,1155900.0,0.026
2024-07-17 14:49:39+00:00,btc_mxn,1155600.0,1155900.0,0.026
2024-07-17 14:49:40+00:00,btc_mxn,1155600.0,1155900.0,0.026
2024-07-17 14:49:41+00:00,btc_mxn,1155600.0,1155900.0,0.026
2024-07-17 14:49:42+00:00,btc_mxn,1155600.0,1155900.0,0.026
2024-07-17 14:49:43+00:00,btc_mxn,1155600.0,1155900.0,0.026
2024-07-17 14:49:44+00:00,btc_mxn,1155600.0,1155900.0,0.026
2024-07-17 14:49:45+00:00,btc_mxn,1155600.0,1155900.0,0.026
2024-07-17 14:49:46+00:00,btc_mxn,1155600.0,1155900.0,0.026
2024-07-17 14:49:48+00:00,btc_mxn,1155600.0,1155900.0,0.026
2024-07-17 14:49:49+00:00,btc_mxn,1155600.0,1155900.0,0.026
2024-07-17 14:49:51+00:00,btc_mxn,1155600.0,1155900.0,0.026
2024-07-17 14:49:52+00:00,btc_mxn,1155600.0,1155900.0,0.026
2024-07-17 14:49:53+00:00,btc_mxn,1155600.0,1155900.0,0.026
2024-07-17 14:49:54+00:00,btc_mxn,1155600.0,1155900.0,0.026
2024-07-17 14:49:55+00:00,btc_mxn,1155600.0,1155900.0,0.026
2024-07-17 14:49:56+00:00,btc_mxn,1155600.0,1155900.0,0.026
2024-07-17 14:49:57+00:00,btc_mxn,1155600.0,1155900.0,0.026
2024-07-17 14:49:58+00:00,btc_mxn,1155600.0,1155900.0,0.026
2024-07-17 14:49:59+00:00,btc_mxn,1155600.0,1155900.0,0.026
2024-07-17 14:50:00+00:00,btc_mxn,1155600.0,1155900.0,0.026
2024-07-17 14:50:01+00:00,btc_mxn,1155600.0,1155900.0,0.026
2024-07-17 14:50:02+00:00,btc_mxn,1155600.0,1155900.0,0.026
2024-07-17 14:50:03+00:00,btc_mxn,1154970.0,1155900.0,0.08
2024-07-17 14:50:04+00:00,btc_mxn,1154970.0,1155900.0,0.08
2024-07-17 14:50:05+00:00,btc_mxn,1154970.0,1155900.0,0.08
2024-07-17 14:50:06+00:00,btc_mxn,1154970.0,1155900.0,0.08
2024-07-17 14:50:07+00:00,btc_mxn,1154970.0,1155900.0,0.08
2024-07-17 14:50:08+00:00,btc_mxn,1154970.0,1155900.0,0.08
2024-07-17 14:50:09+00:00,btc_mxn,1154970.0,1155900.0,0.08
2024-07-17 14:50:10+00:00,btc_mxn,1154970.0,1155900.0,0.08
2024-07-17 14:50:11+00:00,btc_mxn,1154970.0,1155900.0,0.08
2024-07-17 14:50:12+00:00,btc_mxn,1154970.0,1155900.0,0.08
2024-07-17 14:50:13+00:00,btc_mxn,1154970.0,1155940.0,0.084
2024-07-17 14:50:14+00:00,btc_mxn,1154970.0,1155940.0,0.084
2024-07-17 14:50:15+00:00,btc_mxn,1154970.0,1155940.0,0.084
2024-07-17 14:50:16+00:00,btc_mxn,1154970.0,1155940.0,0.084
2024-07-17 14:50:17+00:00,btc_mxn,1154970.0,1155940.0,0.084
2024-07-17 14:50:18+00:00,btc_mxn,1154970.0,1155940.0,0.084
2024-07-17 14:50:19+00:00,btc_mxn,1154970.0,1155940.0,0.084
2024-07-17 14:50:20+00:00,btc_mxn,1154970.0,1155940.0,0.084
2024-07-17 14:50:21+00:00,btc_mxn,1154970.0,1155940.0,0.084
2024-07-17 14:50:22+00:00,btc_mxn,1154970.0,1155940.0,0.084
2024-07-17 14:50:23+00:00,btc_mxn,1155820.0,1155940.0,0.01
2024-07-17 14:50:24+00:00,btc_mxn,1155820.0,1155940.0,0.01
2024-07-17 14:50:26+00:00,btc_mxn,1155820.0,1155940.0,0.01
2024-07-17 14:50:27+00:00,btc_mxn,1155820.0,1155940.0,0.01
2024-07-17 14:50:28+00:00,btc_mxn,1155820.0,1155940.0,0.01
2024-07-17 14:50:29+00:00,btc_mxn,1155820.0,1155940.0,0.01
2024-07-17 14:50:30+00:00,btc_mxn,1155820.0,1155940.0,0.01
2024-07-17 14:50:31+00:00,btc_mxn,1155820.0,1155940.0,0.01
2024-07-17 14:50:32+00:00,btc_mxn,1155820.0,1155940.0,0.01
2024-07-17 14:50:33+00:00,btc_mxn,1155820.0,1155940.0,0.01
2024-07-17 14:50:34+00:00,btc_mxn,1155820.0,1155940.0,0.01
2024-07-17 14:50:35+00:00,btc_mxn,1155820.0,1155940.0,0.01
2024-07-17 14:50:36+00:00,btc_mxn,1155820.0,1155940.0,0.01
2024-07-17 14:50:37+00:00,btc_mxn,1155820.0,1155940.0,0.01
2024-07-17 14:50:38+00:00,btc_mxn,1155820.0,1155940.0,0.01
2024-07-17 14:50:39+00:00,btc_mxn,1155820.0,1155940.0,0.01
2024-07-17 14:50:40+00:00,btc_mxn,1155820.0,1155940.0,0.01
2024-07-17 14:50:41+00:00,btc_mxn,1155820.0,1155940.0,0.01
2024-07-17 14:50:42+00:00,btc_mxn,1155820.0,1155940.0,0.01
2024-07-17 14:50:43+00:00,btc_mxn,1155820.0,1155940.0,0.01
2024-07-17 14:50:44+00:00,btc_mxn,1155820.0,1155940.0,0.01
2024-07-17 14:50:45+00:00,btc_mxn,1155820.0,1155940.0,0.01
2024-07-17 14:50:46+00:00,btc_mxn,1155820.0,1155940.0,0.01
2024-07-17 14:50:47+00:00,btc_mxn,1155820.0,1155940.0,0.01
2024-07-17 14:50:48+00:00,btc_mxn,1155820.0,1155940.0,0.01
2024-07-17 14:50:49+00:00,btc_mxn,1155820.0,1155940.0,0.01
2024-07-17 14:50:50+00:00,btc_mxn,1155820.0,1155940.0,0.01
2024-07-17 14:50:51+00:00,btc_mxn,1155820.0,1155940.0,0.01
2024-07-17 14:50:52+00:00,btc_mxn,1155820.0,1155940.0,0.01
2024-07-17 14:50:53+00:00,btc_mxn,1155820.0,1155940.0,0.01
2024-07-17 14:50:54+00:00,btc_mxn,1155820.0,1155940.0,0.01
2024-07-17 14:50:55+00:00,btc_mxn,1155820.0,1155940.0,0.01
2024-07-17 14:50:56+00:00,btc_mxn,1155820.0,1155940.0,0.01
2024-07-17 14:50:57+00:00,btc_mxn,1155820.0,1155940.0,0.01
2024-07-17 14:50:58+00:00,btc_mxn,1155820.0,1155940.0,0.01
2024-07-17 14:50:59+00:00,btc_mxn,1155820.0,1155940.0,0.01
2024-07-17 14:51:00+00:00,btc_mxn,1155820.0,1155940.0,0.01
2024-07-17 14:51:01+00:00,btc_mxn,1155820.0,1155940.0,0.01
2024-07-17 14:51:02+00:00,btc_mxn,1155820.0,1155940.0,0.01
2024-07-17 14:51:03+00:00,btc_mxn,1155820.0,1155940.0,0.01
2024-07-17 14:51:05+00:00,btc_mxn,1155820.0,1155940.0,0.01
2024-07-17 14:51:06+00:00,btc_mxn,1155820.0,1155940.0,0.01
2024-07-17 14:51:07+00:00,btc_mxn,1155820.0,1155940.0,0.01
2024-07-17 14:51:08+00:00,btc_mxn,1155820.0,1155940.0,0.01
2024-07-17 14:51:09+00:00,btc_mxn,1154970.0,1155940.0,0.084
2024-07-17 14:51:10+00:00,btc_mxn,1154800.0,1155970.0,0.101
2024-07-17 14:51:11+00:00,btc_mxn,1154800.0,1155970.0,0.101
2024-07-17 14:51:12+00:00,btc_mxn,1154800.0,1155970.0,0.101
2024-07-17 14:51:13+00:00,btc_mxn,1154800.0,1155970.0,0.101
2024-07-17 14:51:14+00:00,btc_mxn,1154800.0,1155970.0,0.101
2024-07-17 14:51:15+00:00,btc_mxn,1154800.0,1155970.0,0.101
2024-07-17 14:51:16+00:00,btc_mxn,1154800.0,1155970.0,0.101
2024-07-17 14:51:17+00:00,btc_mxn,1154800.0,1155970.0,0.101
2024-07-17 14:51:18+00:00,btc_mxn,1154800.0,1155970.0,0.101
2024-07-17 14:51:19+00:00,btc_mxn,1154800.0,1155970.0,0.101
2024-07-17 14:51:20+00:00,btc_mxn,1154800.0,1155970.0,0.101
2024-07-17 14:51:21+00:00,btc_mxn,1154800.0,1155970.0,0.101
2024-07-17 14:51:22+00:00,btc_mxn,1154800.0,1155970.0,0.101
2024-07-17 14:51:23+00:00,btc_mxn,1154800.0,1155970.0,0.101
2024-07-17 14:51:24+00:00,btc_mxn,1154800.0,1155970.0,0.101
2024-07-17 14:51:25+00:00,btc_mxn,1154800.0,1155970.0,0.101
2024-07-17 14:51:26+00:00,btc_mxn,1154800.0,1155970.0,0.101
2024-07-17 14:51:27+00:00,btc_mxn,1154800.0,1155970.0,0.101
2024-07-17 14:51:28+00:00,btc_mxn,1154800.0,1155970.0,0.101
2024-07-17 14:51:29+00:00,btc_mxn,1154800.0,1155970.0,0.101
2024-07-17 14:51:30+00:00,btc_mxn,1154800.0,1155970.0,0.101
2024-07-17 14:51:31+00:00,btc_mxn,1154800.0,1155970.0,0.101
2024-07-17 14:51:32+00:00,btc_mxn,1154800.0,1155970.0,0.101
2024-07-17 14:51:33+00:00,btc_mxn,1154800.0,1155970.0,0.101
2024-07-17 14:51:34+00:00,btc_mxn,1154800.0,1155970.0,0.101
2024-07-17 14:51:35+00:00,btc_mxn,1154800.0,1155970.0,0.101
2024-07-17 14:51:36+00:00,btc_mxn,1154800.0,1155970.0,0.101
2024-07-17 14:51:37+00:00,btc_mxn,1154800.0,1155970.0,0.101
2024-07-17 14:51:38+00:00,btc_mxn,1154800.0,1155970.0,0.101
2024-07-17 14:51:39+00:00,btc_mxn,1154800.0,1155970.0,0.101
2024-07-17 14:51:40+00:00,btc_mxn,1154800.0,1155970.0,0.101
2024-07-17 14:51:41+00:00,btc_mxn,1154800.0,1155970.0,0.101
2024-07-17 14:51:42+00:00,btc_mxn,1154800.0,1155970.0,0.101
2024-07-17 14:51:43+00:00,btc_mxn,1154800.0,1155970.0,0.101
2024-07-17 14:51:44+00:00,btc_mxn,1154800.0,1155970.0,0.101
2024-07-17 14:51:45+00:00,btc_mxn,1154800.0,1155970.0,0.101
2024-07-17 14:51:46+00:00,btc_mxn,1154800.0,1155970.0,0.101
2024-07-17 14:51:47+00:00,btc_mxn,1154800.0,1155970.0,0.101
2024-07-17 14:51:48+00:00,btc_mxn,1154800.0,1155970.0,0.101
2024-07-17 14:51:49+00:00,btc_mxn,1154800.0,1155970.0,0.101
2024-07-17 14:51:50+00:00,btc_mxn,1154800.0,1155970.0,0.101
2024-07-17 14:51:51+00:00,btc_mxn,1154800.0,1155970.0,0.101
2024-07-17 14:51:52+00:00,btc_mxn,1154800.0,1155970.0,0.101
2024-07-17 14:51:53+00:00,btc_mxn,1154800.0,1155970.0,0.101
2024-07-17 14:51:54+00:00,btc_mxn,1154800.0,1155970.0,0.101
2024-07-17 14:51:55+00:00,btc_mxn,1154800.0,1155970.0,0.101
2024-07-17 14:51:56+00:00,btc_mxn,1154800.0,1155970.0,0.101
2024-07-17 14:51:57+00:00,btc_mxn,1154800.0,1155970.0,0.101
2024-07-17 14:51:58+00:00,btc_mxn,1154800.0,1155970.0,0.101
2024-07-17 14:51:59+00:00,btc_mxn,1154800.0,1155970.0,0.101
2024-07-17 14:52:00+00:00,btc_mxn,1154800.0,1155970.0,0.101
2024-07-17 14:52:01+00:00,btc_mxn,1154800.0,1155800.0,0.087
2024-07-17 14:52:02+00:00,btc_mxn,1154800.0,1155800.0,0.087
2024-07-17 14:52:03+00:00,btc_mxn,1154270.0,1155800.0,0.132
2024-07-17 14:52:04+00:00,btc_mxn,1154270.0,1155800.0,0.132
2024-07-17 14:52:05+00:00,btc_mxn,1154270.0,1155800.0,0.132
2024-07-17 14:52:06+00:00,btc_mxn,1154270.0,1155800.0,0.132
2024-07-17 14:52:07+00:00,btc_mxn,1154270.0,1155800.0,0.132
2024-07-17 14:52:09+00:00,btc_mxn,1154760.0,1155800.0,0.09
2024-07-17 14:52:10+00:00,btc_mxn,1154779.98,1154780.02,0.0
2024-07-17 14:52:11+00:00,btc_mxn,1154779.98,1154780.02,0.0
2024-07-17 14:52:12+00:00,btc_mxn,1154779.98,1154780.02,0.0
2024-07-17 14:52:13+00:00,btc_mxn,1154779.98,1154780.02,0.0
2024-07-17 14:52:14+00:00,btc_mxn,1154779.98,1154780.02,0.0
2024-07-17 14:52:15+00:00,btc_mxn,1154779.98,1154780.02,0.0
2024-07-17 14:52:16+00:00,btc_mxn,1154779.98,1154780.02,0.0
2024-07-17 14:52:17+00:00,btc_mxn,1154779.98,1154780.02,0.0
2024-07-17 14:52:18+00:00,btc_mxn,1154779.98,1154780.02,0.0
2024-07-17 14:52:19+00:00,btc_mxn,1154779.98,1154780.02,0.0
2024-07-17 14:52:20+00:00,btc_mxn,1154779.98,1154780.02,0.0
2024-07-17 14:52:21+00:00,btc_mxn,1154779.98,1154780.02,0.0
2024-07-17 14:52:22+00:00,btc_mxn,1154779.98,1154780.02,0.0
2024-07-17 14:52:23+00:00,btc_mxn,1154779.98,1154780.02,0.0
2024-07-17 14:52:24+00:00,btc_mxn,1154779.98,1154780.02,0.0
2024-07-17 14:52:25+00:00,btc_mxn,1154779.98,1154780.02,0.0
2024-07-17 14:52:26+00:00,btc_mxn,1154779.98,1154780.02,0.0
2024-07-17 14:52:27+00:00,btc_mxn,1154779.98,1154780.02,0.0
2024-07-17 14:52:28+00:00,btc_mxn,1154779.98,1154780.02,0.0
2024-07-17 14:52:29+00:00,btc_mxn,1154779.98,1154780.02,0.0
2024-07-17 14:52:30+00:00,btc_mxn,1154779.98,1154780.02,0.0
2024-07-17 14:52:31+00:00,btc_mxn,1154779.98,1154780.02,0.0
2024-07-17 14:52:32+00:00,btc_mxn,1154779.98,1154780.02,0.0
2024-07-17 14:52:33+00:00,btc_mxn,1154779.98,1154780.02,0.0
2024-07-17 14:52:34+00:00,btc_mxn,1154779.98,1154780.02,0.0
2024-07-17 14:52:35+00:00,btc_mxn,1154779.98,1154780.02,0.0
2024-07-17 14:52:36+00:00,btc_mxn,1154779.98,1154780.02,0.0
2024-07-17 14:52:37+00:00,btc_mxn,1154779.98,1154780.02,0.0
2024-07-17 14:52:38+00:00,btc_mxn,1154779.98,1154780.02,0.0
2024-07-17 14:52:39+00:00,btc_mxn,1154779.98,1154780.02,0.0
2024-07-17 14:52:40+00:00,btc_mxn,1154779.98,1154780.02,0.0
2024-07-17 14:52:41+00:00,btc_mxn,1154779.98,1154780.02,0.0
2024-07-17 14:52:42+00:00,btc_mxn,1154779.98,1154780.02,0.0
2024-07-17 14:52:43+00:00,btc_mxn,1154779.98,1154780.02,0.0
2024-07-17 14:52:44+00:00,btc_mxn,1154779.98,1154780.02,0.0
2024-07-17 14:52:45+00:00,btc_mxn,1154779.98,1154780.02,0.0
2024-07-17 14:52:46+00:00,btc_mxn,1154779.98,1154780.02,0.0
2024-07-17 14:52:47+00:00,btc_mxn,1154779.98,1154780.02,0.0
2024-07-17 14:52:48+00:00,btc_mxn,1154779.98,1154780.02,0.0
2024-07-17 14:52:49+00:00,btc_mxn,1154779.98,1154780.02,0.0
2024-07-17 14:52:50+00:00,btc_mxn,1154779.98,1154780.02,0.0
2024-07-17 14:52:51+00:00,btc_mxn,1154779.98,1154780.02,0.0
2024-07-17 14:52:52+00:00,btc_mxn,1154779.98,1154780.02,0.0
2024-07-17 14:52:53+00:00,btc_mxn,1154779.98,1154780.02,0.0
2024-07-17 14:52:54+00:00,btc_mxn,1154779.98,1154780.02,0.0
2024-07-17 14:52:55+00:00,btc_mxn,1154779.98,1154780.02,0.0
2024-07-17 14:52:56+00:00,btc_mxn,1154779.98,1154780.02,0.0
2024-07-17 14:52:57+00:00,btc_mxn,1154779.98,1154780.02,0.0
2024-07-17 14:52:58+00:00,btc_mxn,1154779.98,1154780.02,0.0
2024-07-17 14:52:59+00:00,btc_mxn,1154779.98,1154780.02,0.0
2024-07-17 14:53:00+00:00,btc_mxn,1154779.98,1154780.02,0.0
2024-07-17 14:53:01+00:00,btc_mxn,1154779.98,1154780.02,0.0
2024-07-17 14:53:02+00:00,btc_mxn,1154779.98,1154780.02,0.0
2024-07-17 14:53:03+00:00,btc_mxn,1154779.98,1154780.02,0.0
2024-07-17 14:53:04+00:00,btc_mxn,1154779.98,1154780.02,0.0
2024-07-17 14:53:06+00:00,btc_mxn,1154779.98,1154780.02,0.0
2024-07-17 14:53:07+00:00,btc_mxn,1154779.98,1154780.02,0.0
2024-07-17 14:53:08+00:00,btc_mxn,1154779.98,1154780.02,0.0
2024-07-17 14:53:09+00:00,btc_mxn,1154779.98,1154780.02,0.0
2024-07-17 14:53:10+00:00,btc_mxn,1154779.98,1154780.02,0.0
2024-07-17 14:53:11+00:00,btc_mxn,1154779.98,1154780.02,0.0
2024-07-17 14:53:12+00:00,btc_mxn,1154779.98,1154780.02,0.0
2024-07-17 14:53:13+00:00,btc_mxn,1154779.98,1154780.02,0.0
2024-07-17 14:53:14+00:00,btc_mxn,1154779.98,1154780.02,0.0
2024-07-17 14:53:15+00:00,btc_mxn,1154779.98,1154780.02,0.0
2024-07-17 14:53:16+00:00,btc_mxn,1154779.98,1154780.02,0.0
2024-07-17 14:53:17+00:00,btc_mxn,1154779.98,1154780.02,0.0
2024-07-17 14:53:18+00:00,btc_mxn,1154779.98,1154780.02,0.0
2024-07-17 14:53:19+00:00,btc_mxn,1154779.98,1154780.02,0.0
2024-07-17 14:53:20+00:00,btc_mxn,1154779.98,1154780.02,0.0
2024-07-17 14:53:21+00:00,btc_mxn,1154779.98,1154780.02,0.0
2024-07-17 14:53:22+00:00,btc_mxn,1154779.98,1154780.02,0.0
2024-07-17 14:53:23+00:00,btc_mxn,1154779.98,1154780.02,0.0
2024-07-17 14:53:24+00:00,btc_mxn,1154779.98,1154780.02,0.0
2024-07-17 14:53:25+00:00,btc_mxn,1154779.98,1154780.02,0.0
2024-07-17 14:53:26+00:00,btc_mxn,1154779.98,1154780.02,0.0
2024-07-17 14:53:27+00:00,btc_mxn,1154779.98,1154780.02,0.0
2024-07-17 14:53:28+00:00,btc_mxn,1154779.98,1154780.02,0.0
2024-07-17 14:53:29+00:00,btc_mxn,1154779.98,1154780.02,0.0
2024-07-17 14:53:30+00:00,btc_mxn,1154779.98,1154780.02,0.0
2024-07-17 14:53:31+00:00,btc_mxn,1154779.98,1154780.02,0.0
2024-07-17 14:53:32+00:00,btc_mxn,1154779.98,1154780.02,0.0
2024-07-17 14:53:33+00:00,btc_mxn,1154779.98,1154780.02,0.0
2024-07-17 14:53:34+00:00,btc_mxn,1154779.98,1154780.02,0.0
2024-07-17 14:53:35+00:00,btc_mxn,1154779.98,1154780.02,0.0
2024-07-17 14:53:36+00:00,btc_mxn,1154779.98,1154780.02,0.0
2024-07-17 14:53:37+00:00,btc_mxn,1154779.98,1154780.02,0.0
2024-07-17 14:53:39+00:00,btc_mxn,1154779.98,1154780.02,0.0
2024-07-17 14:53:40+00:00,btc_mxn,1154779.98,1154780.02,0.0
2024-07-17 14:53:41+00:00,btc_mxn,1154779.98,1154780.02,0.0
2024-07-17 14:53:42+00:00,btc_mxn,1154779.98,1154780.02,0.0
2024-07-17 14:53:43+00:00,btc_mxn,1154779.98,1154780.02,0.0
2024-07-17 14:53:44+00:00,btc_mxn,1154779.98,1154780.02,0.0
2024-07-17 14:53:45+00:00,btc_mxn,1154779.98,1154780.02,0.0
2024-07-17 14:53:46+00:00,btc_mxn,1154779.98,1154780.02,0.0
2024-07-17 14:53:47+00:00,btc_mxn,1154779.98,1154780.02,0.0
2024-07-17 14:53:48+00:00,btc_mxn,1154779.98,1154780.02,0.0
2024-07-17 14:53:49+00:00,btc_mxn,1154779.98,1154780.02,0.0
2024-07-17 14:53:50+00:00,btc_mxn,1154779.98,1154780.02,0.0
2024-07-17 14:53:51+00:00,btc_mxn,1154779.98,1154780.02,0.0
2024-07-17 14:53:52+00:00,btc_mxn,1154779.98,1154780.02,0.0
2024-07-17 14:53:53+00:00,btc_mxn,1154779.98,1154780.02,0.0
2024-07-17 14:53:54+00:00,btc_mxn,1154779.98,1154780.02,0.0
2024-07-17 14:53:55+00:00,btc_mxn,1154779.98,1154780.02,0.0
2024-07-17 14:53:56+00:00,btc_mxn,1154779.98,1154780.02,0.0
2024-07-17 14:53:57+00:00,btc_mxn,1154779.98,1154780.02,0.0
2024-07-17 14:53:58+00:00,btc_mxn,1154779.98,1154780.02,0.0
2024-07-17 14:53:59+00:00,btc_mxn,1154779.98,1154780.02,0.0
2024-07-17 14:54:00+00:00,btc_mxn,1154779.98,1154780.02,0.0
2024-07-17 14:54:01+00:00,btc_mxn,1154779.98,1154780.02,0.0
2024-07-17 14:54:02+00:00,btc_mxn,1154779.98,1154780.02,0.0
2024-07-17 14:54:04+00:00,btc_mxn,1154779.98,1154780.02,0.0
2024-07-17 14:54:05+00:00,btc_mxn,1154779.98,1154780.02,0.0
2024-07-17 14:54:06+00:00,btc_mxn,1154779.98,1154780.02,0.0
2024-07-17 14:54:07+00:00,btc_mxn,1154779.98,1154780.02,0.0
2024-07-17 14:54:08+00:00,btc_mxn,1154779.98,1154780.02,0.0
2024-07-17 14:54:09+00:00,btc_mxn,1154779.98,1154780.02,0.0
2024-07-17 14:54:10+00:00,btc_mxn,1154779.98,1154780.02,0.0
2024-07-17 14:54:11+00:00,btc_mxn,1154779.98,1154780.02,0.0
2024-07-17 14:54:12+00:00,btc_mxn,1154779.98,1154780.02,0.0
2024-07-17 14:54:13+00:00,btc_mxn,1154779.98,1154780.02,0.0
2024-07-17 14:54:14+00:00,btc_mxn,1154779.98,1154780.02,0.0
2024-07-17 14:54:15+00:00,btc_mxn,1154779.98,1154780.02,0.0
2024-07-17 14:54:16+00:00,btc_mxn,1154779.98,1154780.02,0.0
2024-07-17 14:54:17+00:00,btc_mxn,1154779.98,1154780.02,0.0
2024-07-17 14:54:18+00:00,btc_mxn,1154779.98,1154780.0,0.0
2024-07-17 14:54:19+00:00,btc_mxn,1154779.98,1154780.0,0.0
2024-07-17 14:54:20+00:00,btc_mxn,1154779.98,1154780.0,0.0
2024-07-17 14:54:21+00:00,btc_mxn,1152080.0,1154590.0,0.217
2024-07-17 14:54:22+00:00,btc_mxn,1152080.0,1154590.0,0.217
2024-07-17 14:54:23+00:00,btc_mxn,1152080.0,1154530.0,0.212
2024-07-17 14:54:24+00:00,btc_mxn,1152080.0,1154530.0,0.212
2024-07-17 14:54:25+00:00,btc_mxn,1152080.0,1154530.0,0.212
2024-07-17 14:54:26+00:00,btc_mxn,1152080.0,1154530.0,0.212
2024-07-17 14:54:27+00:00,btc_mxn,1152080.0,1154530.0,0.212
2024-07-17 14:54:28+00:00,btc_mxn,1152080.0,1154530.0,0.212
2024-07-17 14:54:29+00:00,btc_mxn,1152080.0,1154530.0,0.212
2024-07-17 14:54:30+00:00,btc_mxn,1152080.0,1154530.0,0.212
2024-07-17 14:54:31+00:00,btc_mxn,1152080.0,1154530.0,0.212
2024-07-17 14:54:32+00:00,btc_mxn,1152080.0,1154530.0,0.212
2024-07-17 14:54:33+00:00,btc_mxn,1152080.0,1154530.0,0.212
2024-07-17 14:54:34+00:00,btc_mxn,1152080.0,1154530.0,0.212
2024-07-17 14:54:35+00:00,btc_mxn,1152080.0,1154530.0,0.212
2024-07-17 14:54:36+00:00,btc_mxn,1152080.0,1154530.0,0.212
2024-07-17 14:54:37+00:00,btc_mxn,1152080.0,1154530.0,0.212
2024-07-17 14:54:38+00:00,btc_mxn,1152080.0,1154530.0,0.212
2024-07-17 14:54:39+00:00,btc_mxn,1152080.0,1154530.0,0.212
2024-07-17 14:54:40+00:00,btc_mxn,1152080.0,1154530.0,0.212
2024-07-17 14:54:41+00:00,btc_mxn,1152080.0,1154530.0,0.212
2024-07-17 14:54:42+00:00,btc_mxn,1152080.0,1154530.0,0.212
2024-07-17 14:54:43+00:00,btc_mxn,1152080.0,1154530.0,0.212
2024-07-17 14:54:44+00:00,btc_mxn,1152080.0,1154530.0,0.212
2024-07-17 14:54:45+00:00,btc_mxn,1152080.0,1154530.0,0.212
2024-07-17 14:54:46+00:00,btc_mxn,1152080.0,1154530.0,0.212
2024-07-17 14:54:47+00:00,btc_mxn,1152080.0,1154530.0,0.212
2024-07-17 14:54:48+00:00,btc_mxn,1152080.0,1154530.0,0.212
2024-07-17 14:54:50+00:00,btc_mxn,1152080.0,1154530.0,0.212
2024-07-17 14:54:50+00:00,btc_mxn,1152080.0,1154530.0,0.212
2024-07-17 14:54:51+00:00,btc_mxn,1152080.0,1154530.0,0.212
2024-07-17 14:54:52+00:00,btc_mxn,1152080.0,1154530.0,0.212
2024-07-17 14:54:53+00:00,btc_mxn,1152080.0,1154530.0,0.212
2024-07-17 14:54:54+00:00,btc_mxn,1152080.0,1154530.0,0.212
2024-07-17 14:54:55+00:00,btc_mxn,1152080.0,1154530.0,0.212
2024-07-17 14:54:56+00:00,btc_mxn,1152080.0,1154530.0,0.212
2024-07-17 14:54:57+00:00,btc_mxn,1152080.0,1154530.0,0.212
2024-07-17 14:54:58+00:00,btc_mxn,1152080.0,1154530.0,0.212
2024-07-17 14:54:59+00:00,btc_mxn,1152080.0,1154530.0,0.212
2024-07-17 14:55:01+00:00,btc_mxn,1152080.0,1154530.0,0.212
2024-07-17 14:55:02+00:00,btc_mxn,1152080.0,1153610.0,0.133
2024-07-17 14:55:03+00:00,btc_mxn,1152080.0,1153610.0,0.133
2024-07-17 14:55:04+00:00,btc_mxn,1152080.0,1153550.0,0.127
2024-07-17 14:55:05+00:00,btc_mxn,1152080.0,1153490.0,0.122
2024-07-17 14:55:06+00:00,btc_mxn,1152080.0,1153410.0,0.115
2024-07-17 14:55:07+00:00,btc_mxn,1152080.0,1153380.0,0.113
2024-07-17 14:55:08+00:00,btc_mxn,1152080.0,1153380.0,0.113
2024-07-17 14:55:09+00:00,btc_mxn,1149950.0,1153380.0,0.297
2024-07-17 14:55:10+00:00,btc_mxn,1149950.0,1153380.0,0.297
2024-07-17 14:55:11+00:00,btc_mxn,1149950.0,1153340.0,0.294
2024-07-17 14:55:12+00:00,btc_mxn,1149950.0,1153320.0,0.292
2024-07-17 14:55:13+00:00,btc_mxn,1149950.0,1153280.0,0.289
2024-07-17 14:55:14+00:00,btc_mxn,1149950.0,1153280.0,0.289
2024-07-17 14:55:15+00:00,btc_mxn,1149950.0,1153280.0,0.289
2024-07-17 14:55:16+00:00,btc_mxn,1149950.0,1153200.0,0.282
2024-07-17 14:55:17+00:00,btc_mxn,1150110.0,1153200.0,0.268
2024-07-17 14:55:18+00:00,btc_mxn,1150110.0,1153200.0,0.268
2024-07-17 14:55:19+00:00,btc_mxn,1150160.0,1153110.0,0.256
2024-07-17 14:55:20+00:00,btc_mxn,1150160.0,1152910.0,0.239
2024-07-17 14:55:21+00:00,btc_mxn,1149950.0,1152780.0,0.245
2024-07-17 14:55:22+00:00,btc_mxn,1149950.0,1152650.0,0.234
2024-07-17 14:55:23+00:00,btc_mxn,1149950.0,1152650.0,0.234
2024-07-17 14:55:24+00:00,btc_mxn,1149950.0,1152520.0,0.223
2024-07-17 14:55:25+00:00,btc_mxn,1149950.0,1152520.0,0.223
2024-07-17 14:55:26+00:00,btc_mxn,1149950.0,1152520.0,0.223
2024-07-17 14:55:27+00:00,btc_mxn,1149950.0,1152520.0,0.223
2024-07-17 14:55:28+00:00,btc_mxn,1149950.0,1152520.0,0.223
2024-07-17 14:55:29+00:00,btc_mxn,1149950.0,1152520.0,0.223
2024-07-17 14:55:30+00:00,btc_mxn,1149950.0,1152520.0,0.223
2024-07-17 14:55:31+00:00,btc_mxn,1149950.0,1152520.0,0.223
2024-07-17 14:55:32+00:00,btc_mxn,1149950.0,1152520.0,0.223
2024-07-17 14:55:33+00:00,btc_mxn,1149950.0,1152520.0,0.223
2024-07-17 14:55:34+00:00,btc_mxn,1149950.0,1152520.0,0.223
2024-07-17 14:55:35+00:00,btc_mxn,1149950.0,1152520.0,0.223
2024-07-17 14:55:36+00:00,btc_mxn,1149950.0,1152520.0,0.223
2024-07-17 14:55:37+00:00,btc_mxn,1149950.0,1152520.0,0.223
2024-07-17 14:55:38+00:00,btc_mxn,1149950.0,1152520.0,0.223
2024-07-17 14:55:39+00:00,btc_mxn,1149950.0,1152520.0,0.223
2024-07-17 14:55:40+00:00,btc_mxn,1149950.0,1152520.0,0.223
2024-07-17 14:55:41+00:00,btc_mxn,1149950.0,1152520.0,0.223
2024-07-17 14:55:42+00:00,btc_mxn,1149950.0,1152520.0,0.223
2024-07-17 14:55:43+00:00,btc_mxn,1149950.0,1152520.0,0.223
2024-07-17 14:55:44+00:00,btc_mxn,1149950.0,1152520.0,0.223
2024-07-17 14:55:45+00:00,btc_mxn,1149950.0,1152520.0,0.223
2024-07-17 14:55:46+00:00,btc_mxn,1149950.0,1152520.0,0.223
2024-07-17 14:55:47+00:00,btc_mxn,1149950.0,1152520.0,0.223
2024-07-17 14:55:48+00:00,btc_mxn,1149950.0,1152520.0,0.223
2024-07-17 14:55:49+00:00,btc_mxn,1149950.0,1152520.0,0.223
2024-07-17 14:55:50+00:00,btc_mxn,1149950.0,1152520.0,0.223
2024-07-17 14:55:51+00:00,btc_mxn,1149950.0,1152520.0,0.223
2024-07-17 14:55:52+00:00,btc_mxn,1149950.0,1152520.0,0.223
2024-07-17 14:55:53+00:00,btc_mxn,1149950.0,1152520.0,0.223
2024-07-17 14:55:54+00:00,btc_mxn,1149950.0,1152520.0,0.223
2024-07-17 14:55:55+00:00,btc_mxn,1149950.0,1152520.0,0.223
2024-07-17 14:55:56+00:00,btc_mxn,1149950.0,1152520.0,0.223
2024-07-17 14:55:57+00:00,btc_mxn,1149950.0,1152520.0,0.223
2024-07-17 14:55:58+00:00,btc_mxn,1149950.0,1152520.0,0.223
2024-07-17 14:55:59+00:00,btc_mxn,1149950.0,1152520.0,0.223
2024-07-17 14:56:00+00:00,btc_mxn,1149950.0,1152520.0,0.223
2024-07-17 14:56:01+00:00,btc_mxn,1150140.0,1152520.0,0.207
2024-07-17 14:56:02+00:00,btc_mxn,1150140.0,1152520.0,0.207
2024-07-17 14:56:03+00:00,btc_mxn,1150150.0,1152520.0,0.206
2024-07-17 14:56:04+00:00,btc_mxn,1150150.0,1152520.0,0.206
2024-07-17 14:56:05+00:00,btc_mxn,1150190.0,1152650.0,0.213
2024-07-17 14:56:06+00:00,btc_mxn,1150190.0,1152650.0,0.213
2024-07-17 14:56:07+00:00,btc_mxn,1150260.0,1152650.0,0.207
2024-07-17 14:56:08+00:00,btc_mxn,1150290.0,1152650.0,0.205
2024-07-17 14:56:09+00:00,btc_mxn,1150290.0,1152650.0,0.205
2024-07-17 14:56:11+00:00,btc_mxn,1150290.0,1152650.0,0.205
2024-07-17 14:56:11+00:00,btc_mxn,1150290.0,1152650.0,0.205
2024-07-17 14:56:12+00:00,btc_mxn,1150250.0,1152690.0,0.212
2024-07-17 14:56:13+00:00,btc_mxn,1150250.0,1152690.0,0.212
2024-07-17 14:56:14+00:00,btc_mxn,1150400.0,1152690.0,0.199
2024-07-17 14:56:15+00:00,btc_mxn,1150400.0,1152690.0,0.199
2024-07-17 14:56:17+00:00,btc_mxn,1150400.0,1152690.0,0.199
2024-07-17 14:56:18+00:00,btc_mxn,1150400.0,1152690.0,0.199
2024-07-17 14:56:19+00:00,btc_mxn,1150460.0,1152690.0,0.193
2024-07-17 14:56:20+00:00,btc_mxn,1150470.0,1152690.0,0.193
2024-07-17 14:56:21+00:00,btc_mxn,1150470.0,1152690.0,0.193
2024-07-17 14:56:22+00:00,btc_mxn,1150460.0,1152690.0,0.193
2024-07-17 14:56:23+00:00,btc_mxn,1150460.0,1152690.0,0.193
2024-07-17 14:56:24+00:00,btc_mxn,1150460.0,1152690.0,0.193
2024-07-17 14:56:25+00:00,btc_mxn,1150460.0,1152690.0,0.193
2024-07-17 14:56:26+00:00,btc_mxn,1150620.0,1152690.0,0.18
2024-07-17 14:56:28+00:00,btc_mxn,1150620.0,1152690.0,0.18
2024-07-17 14:56:29+00:00,btc_mxn,1150620.0,1152690.0,0.18
2024-07-17 14:56:30+00:00,btc_mxn,1150620.0,1152690.0,0.18
2024-07-17 14:56:31+00:00,btc_mxn,1150620.0,1152690.0,0.18
2024-07-17 14:56:32+00:00,btc_mxn,1150620.0,1152690.0,0.18
2024-07-17 14:56:33+00:00,btc_mxn,1150620.0,1152690.0,0.18
2024-07-17 14:56:34+00:00,btc_mxn,1150620.0,1152690.0,0.18
2024-07-17 14:56:35+00:00,btc_mxn,1150620.0,1152690.0,0.18
2024-07-17 14:56:36+00:00,btc_mxn,1150620.0,1152690.0,0.18
2024-07-17 14:56:37+00:00,btc_mxn,1150620.0,1152690.0,0.18
2024-07-17 14:56:38+00:00,btc_mxn,1150620.0,1152690.0,0.18
2024-07-17 14:56:39+00:00,btc_mxn,1150620.0,1152690.0,0.18
2024-07-17 14:56:40+00:00,btc_mxn,1150620.0,1152690.0,0.18
2024-07-17 14:56:41+00:00,btc_mxn,1150620.0,1152690.0,0.18
2024-07-17 14:56:42+00:00,btc_mxn,1150620.0,1152690.0,0.18
2024-07-17 14:56:43+00:00,btc_mxn,1150620.0,1152690.0,0.18
2024-07-17 14:56:44+00:00,btc_mxn,1150620.0,1152690.0,0.18
2024-07-17 14:56:45+00:00,btc_mxn,1150620.0,1152690.0,0.18
2024-07-17 14:56:46+00:00,btc_mxn,1150620.0,1152690.0,0.18
2024-07-17 14:56:47+00:00,btc_mxn,1150620.0,1152690.0,0.18
2024-07-17 14:56:48+00:00,btc_mxn,1150620.0,1152690.0,0.18
2024-07-17 14:56:49+00:00,btc_mxn,1150620.0,1152690.0,0.18
2024-07-17 14:56:50+00:00,btc_mxn,1150620.0,1152690.0,0.18
2024-07-17 14:56:51+00:00,btc_mxn,1150620.0,1152690.0,0.18
2024-07-17 14:56:52+00:00,btc_mxn,1150620.0,1152690.0,0.18
2024-07-17 14:56:53+00:00,btc_mxn,1150620.0,1152690.0,0.18
2024-07-17 14:56:54+00:00,btc_mxn,1150620.0,1152690.0,0.18
2024-07-17 14:56:55+00:00,btc_mxn,1150620.0,1152690.0,0.18
2024-07-17 14:56:56+00:00,btc_mxn,1150620.0,1152690.0,0.18
2024-07-17 14:56:57+00:00,btc_mxn,1150620.0,1152690.0,0.18
2024-07-17 14:56:58+00:00,btc_mxn,1150620.0,1152690.0,0.18
2024-07-17 14:56:59+00:00,btc_mxn,1150620.0,1152690.0,0.18
2024-07-17 14:57:00+00:00,btc_mxn,1150620.0,1152690.0,0.18
2024-07-17 14:57:01+00:00,btc_mxn,1150620.0,1152690.0,0.18
2024-07-17 14:57:02+00:00,btc_mxn,1150620.0,1152690.0,0.18
2024-07-17 14:57:03+00:00,btc_mxn,1150460.0,1152700.0,0.194
2024-07-17 14:57:04+00:00,btc_mxn,1150510.0,1152660.0,0.187
2024-07-17 14:57:05+00:00,btc_mxn,1150560.0,1152660.0,0.182
2024-07-17 14:57:06+00:00,btc_mxn,1150560.0,1152660.0,0.182
2024-07-17 14:57:07+00:00,btc_mxn,1150590.0,1152580.0,0.173
2024-07-17 14:57:08+00:00,btc_mxn,1150590.0,1150970.0,0.033
2024-07-17 14:57:09+00:00,btc_mxn,1149969.98,1149970.02,0.0
2024-07-17 14:57:10+00:00,btc_mxn,1149969.98,1149970.02,0.0
2024-07-17 14:57:11+00:00,btc_mxn,1149969.98,1149970.02,0.0
2024-07-17 14:57:12+00:00,btc_mxn,1149969.98,1149970.02,0.0
2024-07-17 14:57:13+00:00,btc_mxn,1149969.98,1149970.02,0.0
2024-07-17 14:57:14+00:00,btc_mxn,1149969.98,1149970.02,0.0
2024-07-17 14:57:15+00:00,btc_mxn,1149969.98,1149970.02,0.0
2024-07-17 14:57:16+00:00,btc_mxn,1149969.98,1149970.02,0.0
2024-07-17 14:57:17+00:00,btc_mxn,1149969.98,1149970.02,0.0
2024-07-17 14:57:18+00:00,btc_mxn,1149969.98,1149970.02,0.0
2024-07-17 14:57:20+00:00,btc_mxn,1149969.98,1149970.02,0.0
2024-07-17 14:57:21+00:00,btc_mxn,1149969.98,1149970.02,0.0
2024-07-17 14:57:22+00:00,btc_mxn,1149969.98,1149970.02,0.0
2024-07-17 14:57:23+00:00,btc_mxn,1149969.98,1149970.02,0.0
2024-07-17 14:57:24+00:00,btc_mxn,1149969.98,1149970.02,0.0
2024-07-17 14:57:25+00:00,btc_mxn,1149969.98,1149970.02,0.0
2024-07-17 14:57:26+00:00,btc_mxn,1149969.98,1149970.02,0.0
2024-07-17 14:57:27+00:00,btc_mxn,1149969.98,1149970.02,0.0
2024-07-17 14:57:28+00:00,btc_mxn,1149969.98,1149970.02,0.0
2024-07-17 14:57:29+00:00,btc_mxn,1149969.98,1149970.02,0.0
2024-07-17 14:57:30+00:00,btc_mxn,1149969.98,1149970.02,0.0
2024-07-17 14:57:32+00:00,btc_mxn,1149969.98,1149970.02,0.0
2024-07-17 14:57:33+00:00,btc_mxn,1149969.98,1149970.02,0.0
2024-07-17 14:57:34+00:00,btc_mxn,1149969.98,1149970.02,0.0
2024-07-17 14:57:35+00:00,btc_mxn,1149969.98,1149970.02,0.0
2024-07-17 14:57:36+00:00,btc_mxn,1149969.98,1149970.02,0.0
2024-07-17 14:57:38+00:00,btc_mxn,1149969.98,1149970.02,0.0
2024-07-17 14:57:39+00:00,btc_mxn,1149969.98,1149970.02,0.0
2024-07-17 14:57:40+00:00,btc_mxn,1149969.98,1149970.02,0.0
2024-07-17 14:57:41+00:00,btc_mxn,1149969.98,1149970.02,0.0
2024-07-17 14:57:42+00:00,btc_mxn,1149969.98,1149970.02,0.0
2024-07-17 14:57:43+00:00,btc_mxn,1149969.98,1149970.02,0.0
2024-07-17 14:57:44+00:00,btc_mxn,1149969.98,1149970.02,0.0
2024-07-17 14:57:45+00:00,btc_mxn,1149969.98,1149970.02,0.0
2024-07-17 14:57:46+00:00,btc_mxn,1149969.98,1149970.02,0.0
2024-07-17 14:57:47+00:00,btc_mxn,1149969.98,1149970.02,0.0
2024-07-17 14:57:48+00:00,btc_mxn,1149969.98,1149970.02,0.0
2024-07-17 14:57:49+00:00,btc_mxn,1149969.98,1149970.02,0.0
2024-07-17 14:57:50+00:00,btc_mxn,1149969.98,1149970.02,0.0
2024-07-17 14:57:51+00:00,btc_mxn,1149969.98,1149970.02,0.0
2024-07-17 14:57:52+00:00,btc_mxn,1149969.98,1149970.02,0.0
2024-07-17 14:57:53+00:00,btc_mxn,1149969.98,1149970.02,0.0
2024-07-17 14:57:54+00:00,btc_mxn,1149969.98,1149970.02,0.0
2024-07-17 14:57:55+00:00,btc_mxn,1149969.98,1149970.02,0.0
2024-07-17 14:57:56+00:00,btc_mxn,1149969.98,1149970.02,0.0
2024-07-17 14:57:57+00:00,btc_mxn,1149969.98,1149970.02,0.0
2024-07-17 14:57:58+00:00,btc_mxn,1149969.98,1149970.02,0.0
2024-07-17 14:57:59+00:00,btc_mxn,1149969.98,1149970.02,0.0
2024-07-17 14:58:00+00:00,btc_mxn,1149969.98,1149970.02,0.0
2024-07-17 14:58:01+00:00,btc_mxn,1149969.98,1149970.02,0.0
2024-07-17 14:58:02+00:00,btc_mxn,1149969.98,1149970.02,0.0
2024-07-17 14:58:03+00:00,btc_mxn,1149969.98,1149970.02,0.0
2024-07-17 14:58:04+00:00,btc_mxn,1150230.0,1152440.0,0.192
2024-07-17 14:58:05+00:00,btc_mxn,1150240.0,1152440.0,0.191
2024-07-17 14:58:06+00:00,btc_mxn,1150240.0,1152440.0,0.191
2024-07-17 14:58:07+00:00,btc_mxn,1150240.0,1152440.0,0.191
2024-07-17 14:58:09+00:00,btc_mxn,1150240.0,1152440.0,0.191
2024-07-17 14:58:10+00:00,btc_mxn,1150240.0,1152440.0,0.191
2024-07-17 14:58:11+00:00,btc_mxn,1150240.0,1152440.0,0.191
2024-07-17 14:58:12+00:00,btc_mxn,1150240.0,1152440.0,0.191
2024-07-17 14:58:13+00:00,btc_mxn,1150240.0,1152440.0,0.191
2024-07-17 14:58:14+00:00,btc_mxn,1150240.0,1152440.0,0.191
2024-07-17 14:58:15+00:00,btc_mxn,1150240.0,1152440.0,0.191
2024-07-17 14:58:16+00:00,btc_mxn,1150240.0,1152440.0,0.191
2024-07-17 14:58:17+00:00,btc_mxn,1150240.0,1152440.0,0.191
2024-07-17 14:58:18+00:00,btc_mxn,1150240.0,1152440.0,0.191
2024-07-17 14:58:19+00:00,btc_mxn,1150240.0,1152440.0,0.191
