orderbook_timestamp,book,bid,ask,spread
2024-07-17 16:21:14+00:00,usd_mxn,17.72,17.73,0.056
2024-07-17 16:21:15+00:00,usd_mxn,17.72,17.73,0.056
2024-07-17 16:21:16+00:00,usd_mxn,17.72,17.73,0.056
2024-07-17 16:21:17+00:00,usd_mxn,17.72,17.73,0.056
2024-07-17 16:21:18+00:00,usd_mxn,17.72,17.73,0.056
2024-07-17 16:21:19+00:00,usd_mxn,17.72,17.73,0.056
2024-07-17 16:21:20+00:00,usd_mxn,17.72,17.73,0.056
2024-07-17 16:21:21+00:00,usd_mxn,17.72,17.73,0.056
2024-07-17 16:21:22+00:00,usd_mxn,17.72,17.73,0.056
2024-07-17 16:21:23+00:00,usd_mxn,17.72,17.73,0.056
2024-07-17 16:21:24+00:00,usd_mxn,17.72,17.73,0.056
2024-07-17 16:21:25+00:00,usd_mxn,17.72,17.73,0.056
2024-07-17 16:21:26+00:00,usd_mxn,17.72,17.73,0.056
2024-07-17 16:21:27+00:00,usd_mxn,17.72,17.73,0.056
2024-07-17 16:21:28+00:00,usd_mxn,17.72,17.73,0.056
2024-07-17 16:21:29+00:00,usd_mxn,17.72,17.73,0.056
2024-07-17 16:21:30+00:00,usd_mxn,17.72,17.73,0.056
2024-07-17 16:21:31+00:00,usd_mxn,17.72,17.73,0.056
2024-07-17 16:21:32+00:00,usd_mxn,17.72,17.73,0.056
2024-07-17 16:21:33+00:00,usd_mxn,17.72,17.73,0.056
2024-07-17 16:21:34+00:00,usd_mxn,17.72,17.73,0.056
2024-07-17 16:21:35+00:00,usd_mxn,17.72,17.73,0.056
2024-07-17 16:21:36+00:00,usd_mxn,17.72,17.73,0.056
2024-07-17 16:21:37+00:00,usd_mxn,17.72,17.73,0.056
2024-07-17 16:21:38+00:00,usd_mxn,17.72,17.73,0.056
2024-07-17 16:21:39+00:00,usd_mxn,17.72,17.73,0.056
2024-07-17 16:21:40+00:00,usd_mxn,17.72,17.73,0.056
2024-07-17 16:21:41+00:00,usd_mxn,17.72,17.73,0.056
2024-07-17 16:21:42+00:00,usd_mxn,17.72,17.73,0.056
2024-07-17 16:21:43+00:00,usd_mxn,17.72,17.73,0.056
2024-07-17 16:21:44+00:00,usd_mxn,17.72,17.73,0.056
2024-07-17 16:21:46+00:00,usd_mxn,17.72,17.73,0.056
2024-07-17 16:21:46+00:00,usd_mxn,17.72,17.73,0.056
2024-07-17 16:21:47+00:00,usd_mxn,17.72,17.73,0.056
2024-07-17 16:21:48+00:00,usd_mxn,17.72,17.73,0.056
2024-07-17 16:21:49+00:00,usd_mxn,17.72,17.73,0.056
2024-07-17 16:21:50+00:00,usd_mxn,17.72,17.73,0.056
2024-07-17 16:21:51+00:00,usd_mxn,17.72,17.73,0.056
2024-07-17 16:21:52+00:00,usd_mxn,17.72,17.73,0.056
2024-07-17 16:21:53+00:00,usd_mxn,17.72,17.73,0.056
2024-07-17 16:21:54+00:00,usd_mxn,17.72,17.73,0.056
2024-07-17 16:21:55+00:00,usd_mxn,17.72,17.73,0.056
2024-07-17 16:21:56+00:00,usd_mxn,17.72,17.73,0.056
2024-07-17 16:21:57+00:00,usd_mxn,17.72,17.73,0.056
2024-07-17 16:21:58+00:00,usd_mxn,17.72,17.73,0.056
2024-07-17 16:21:59+00:00,usd_mxn,17.72,17.73,0.056
2024-07-17 16:22:00+00:00,usd_mxn,17.72,17.73,0.056
2024-07-17 16:22:01+00:00,usd_mxn,17.72,17.73,0.056
2024-07-17 16:22:03+00:00,usd_mxn,17.72,17.73,0.056
2024-07-17 16:22:03+00:00,usd_mxn,17.72,17.73,0.056
2024-07-17 16:22:04+00:00,usd_mxn,17.72,17.73,0.056
2024-07-17 16:22:05+00:00,usd_mxn,17.72,17.73,0.056
2024-07-17 16:22:06+00:00,usd_mxn,17.72,17.73,0.056
2024-07-17 16:22:08+00:00,usd_mxn,17.72,17.73,0.056
2024-07-17 16:22:09+00:00,usd_mxn,17.72,17.73,0.056
2024-07-17 16:22:10+00:00,usd_mxn,17.73,17.74,0.056
2024-07-17 16:22:11+00:00,usd_mxn,17.73,17.74,0.056
2024-07-17 16:22:12+00:00,usd_mxn,17.73,17.74,0.056
2024-07-17 16:22:13+00:00,usd_mxn,17.73,17.74,0.056
2024-07-17 16:22:14+00:00,usd_mxn,17.73,17.74,0.056
2024-07-17 16:22:15+00:00,usd_mxn,17.73,17.74,0.056
2024-07-17 16:22:16+00:00,usd_mxn,17.73,17.74,0.056
2024-07-17 16:22:17+00:00,usd_mxn,17.73,17.74,0.056
2024-07-17 16:22:18+00:00,usd_mxn,17.73,17.74,0.056
2024-07-17 16:22:19+00:00,usd_mxn,17.73,17.74,0.056
2024-07-17 16:22:20+00:00,usd_mxn,17.73,17.74,0.056
2024-07-17 16:22:21+00:00,usd_mxn,17.73,17.74,0.056
2024-07-17 16:22:22+00:00,usd_mxn,17.73,17.74,0.056
2024-07-17 16:22:23+00:00,usd_mxn,17.73,17.74,0.056
2024-07-17 16:22:24+00:00,usd_mxn,17.73,17.74,0.056
2024-07-17 16:22:25+00:00,usd_mxn,17.73,17.74,0.056
2024-07-17 16:22:26+00:00,usd_mxn,17.73,17.74,0.056
2024-07-17 16:22:27+00:00,usd_mxn,17.73,17.74,0.056
2024-07-17 16:22:28+00:00,usd_mxn,17.73,17.74,0.056
2024-07-17 16:22:29+00:00,usd_mxn,17.73,17.74,0.056
2024-07-17 16:22:30+00:00,usd_mxn,17.73,17.74,0.056
2024-07-17 16:22:31+00:00,usd_mxn,17.73,17.74,0.056
2024-07-17 16:22:32+00:00,usd_mxn,17.73,17.74,0.056
2024-07-17 16:22:33+00:00,usd_mxn,17.73,17.74,0.056
2024-07-17 16:22:34+00:00,usd_mxn,17.73,17.74,0.056
2024-07-17 16:22:35+00:00,usd_mxn,17.73,17.74,0.056
2024-07-17 16:22:36+00:00,usd_mxn,17.73,17.74,0.056
2024-07-17 16:22:37+00:00,usd_mxn,17.73,17.74,0.056
2024-07-17 16:22:38+00:00,usd_mxn,17.73,17.74,0.056
2024-07-17 16:22:39+00:00,usd_mxn,17.73,17.74,0.056
2024-07-17 16:22:40+00:00,usd_mxn,17.73,17.74,0.056
2024-07-17 16:22:41+00:00,usd_mxn,17.73,17.74,0.056
2024-07-17 16:22:42+00:00,usd_mxn,17.73,17.74,0.056
2024-07-17 16:22:43+00:00,usd_mxn,17.73,17.74,0.056
2024-07-17 16:22:44+00:00,usd_mxn,17.73,17.74,0.056
2024-07-17 16:22:45+00:00,usd_mxn,17.73,17.74,0.056
2024-07-17 16:22:46+00:00,usd_mxn,17.73,17.74,0.056
2024-07-17 16:22:47+00:00,usd_mxn,17.73,17.74,0.056
2024-07-17 16:22:48+00:00,usd_mxn,17.73,17.74,0.056
2024-07-17 16:22:49+00:00,usd_mxn,17.73,17.74,0.056
2024-07-17 16:22:50+00:00,usd_mxn,17.73,17.74,0.056
2024-07-17 16:22:51+00:00,usd_mxn,17.73,17.74,0.056
2024-07-17 16:22:52+00:00,usd_mxn,17.73,17.74,0.056
2024-07-17 16:22:53+00:00,usd_mxn,17.73,17.74,0.056
2024-07-17 16:22:54+00:00,usd_mxn,17.73,17.74,0.056
2024-07-17 16:22:55+00:00,usd_mxn,17.73,17.74,0.056
2024-07-17 16:22:56+00:00,usd_mxn,17.73,17.74,0.056
2024-07-17 16:22:58+00:00,usd_mxn,17.73,17.74,0.056
2024-07-17 16:22:59+00:00,usd_mxn,17.73,17.74,0.056
2024-07-17 16:23:00+00:00,usd_mxn,17.73,17.74,0.056
2024-07-17 16:23:01+00:00,usd_mxn,17.73,17.74,0.056
2024-07-17 16:23:02+00:00,usd_mxn,17.73,17.74,0.056
2024-07-17 16:23:03+00:00,usd_mxn,17.73,17.74,0.056
2024-07-17 16:23:05+00:00,usd_mxn,17.73,17.74,0.056
2024-07-17 16:23:05+00:00,usd_mxn,17.73,17.74,0.056
2024-07-17 16:23:06+00:00,usd_mxn,17.73,17.74,0.056
2024-07-17 16:23:07+00:00,usd_mxn,17.73,17.74,0.056
2024-07-17 16:23:08+00:00,usd_mxn,17.73,17.74,0.056
2024-07-17 16:23:09+00:00,usd_mxn,17.73,17.74,0.056
2024-07-17 16:23:11+00:00,usd_mxn,17.73,17.74,0.056
2024-07-17 16:23:12+00:00,usd_mxn,17.73,17.74,0.056
2024-07-17 16:23:13+00:00,usd_mxn,17.73,17.74,0.056
2024-07-17 16:23:14+00:00,usd_mxn,17.73,17.74,0.056
2024-07-17 16:23:15+00:00,usd_mxn,17.73,17.74,0.056
2024-07-17 16:23:16+00:00,usd_mxn,17.73,17.74,0.056
2024-07-17 16:23:17+00:00,usd_mxn,17.73,17.74,0.056
2024-07-17 16:23:18+00:00,usd_mxn,17.73,17.74,0.056
2024-07-17 16:23:19+00:00,usd_mxn,17.73,17.74,0.056
2024-07-17 16:23:20+00:00,usd_mxn,17.73,17.74,0.056
2024-07-17 16:23:22+00:00,usd_mxn,17.73,17.74,0.056
2024-07-17 16:23:22+00:00,usd_mxn,17.73,17.74,0.056
2024-07-17 16:23:23+00:00,usd_mxn,17.73,17.74,0.056
2024-07-17 16:23:24+00:00,usd_mxn,17.73,17.74,0.056
2024-07-17 16:23:25+00:00,usd_mxn,17.73,17.74,0.056
2024-07-17 16:23:26+00:00,usd_mxn,17.73,17.74,0.056
2024-07-17 16:23:27+00:00,usd_mxn,17.73,17.74,0.056
2024-07-17 16:23:28+00:00,usd_mxn,17.73,17.74,0.056
2024-07-17 16:23:29+00:00,usd_mxn,17.73,17.74,0.056
2024-07-17 16:23:30+00:00,usd_mxn,17.73,17.74,0.056
2024-07-17 16:23:31+00:00,usd_mxn,17.73,17.74,0.056
2024-07-17 16:23:32+00:00,usd_mxn,17.73,17.74,0.056
2024-07-17 16:23:33+00:00,usd_mxn,17.73,17.74,0.056
2024-07-17 16:23:34+00:00,usd_mxn,17.73,17.74,0.056
2024-07-17 16:23:35+00:00,usd_mxn,17.73,17.74,0.056
2024-07-17 16:23:36+00:00,usd_mxn,17.73,17.74,0.056
2024-07-17 16:23:37+00:00,usd_mxn,17.73,17.74,0.056
2024-07-17 16:23:38+00:00,usd_mxn,17.73,17.74,0.056
2024-07-17 16:23:39+00:00,usd_mxn,17.73,17.74,0.056
2024-07-17 16:23:40+00:00,usd_mxn,17.73,17.74,0.056
2024-07-17 16:23:41+00:00,usd_mxn,17.73,17.74,0.056
2024-07-17 16:23:42+00:00,usd_mxn,17.73,17.74,0.056
2024-07-17 16:23:43+00:00,usd_mxn,17.73,17.74,0.056
2024-07-17 16:23:44+00:00,usd_mxn,17.73,17.74,0.056
2024-07-17 16:23:45+00:00,usd_mxn,17.73,17.74,0.056
2024-07-17 16:23:46+00:00,usd_mxn,17.73,17.74,0.056
2024-07-17 16:23:47+00:00,usd_mxn,17.73,17.74,0.056
2024-07-17 16:23:48+00:00,usd_mxn,17.73,17.74,0.056
2024-07-17 16:23:49+00:00,usd_mxn,17.73,17.74,0.056
2024-07-17 16:23:50+00:00,usd_mxn,17.73,17.74,0.056
2024-07-17 16:23:51+00:00,usd_mxn,17.73,17.74,0.056
2024-07-17 16:23:52+00:00,usd_mxn,17.73,17.74,0.056
2024-07-17 16:23:53+00:00,usd_mxn,17.73,17.74,0.056
2024-07-17 16:23:54+00:00,usd_mxn,17.73,17.74,0.056
2024-07-17 16:23:55+00:00,usd_mxn,17.73,17.74,0.056
2024-07-17 16:23:56+00:00,usd_mxn,17.73,17.74,0.056
2024-07-17 16:23:57+00:00,usd_mxn,17.73,17.74,0.056
2024-07-17 16:23:58+00:00,usd_mxn,17.73,17.74,0.056
2024-07-17 16:24:00+00:00,usd_mxn,17.73,17.74,0.056
2024-07-17 16:24:00+00:00,usd_mxn,17.73,17.74,0.056
2024-07-17 16:24:03+00:00,usd_mxn,17.73,17.74,0.056
2024-07-17 16:24:04+00:00,usd_mxn,17.73,17.74,0.056
2024-07-17 16:24:05+00:00,usd_mxn,17.73,17.74,0.056
2024-07-17 16:24:06+00:00,usd_mxn,17.73,17.74,0.056
2024-07-17 16:24:07+00:00,usd_mxn,17.73,17.74,0.056
2024-07-17 16:24:08+00:00,usd_mxn,17.73,17.74,0.056
2024-07-17 16:24:09+00:00,usd_mxn,17.73,17.74,0.056
2024-07-17 16:24:11+00:00,usd_mxn,17.73,17.74,0.056
2024-07-17 16:24:12+00:00,usd_mxn,17.73,17.74,0.056
2024-07-17 16:24:13+00:00,usd_mxn,17.73,17.74,0.056
2024-07-17 16:24:14+00:00,usd_mxn,17.73,17.74,0.056
2024-07-17 16:24:15+00:00,usd_mxn,17.73,17.74,0.056
2024-07-17 16:24:16+00:00,usd_mxn,17.73,17.74,0.056
2024-07-17 16:24:17+00:00,usd_mxn,17.73,17.74,0.056
2024-07-17 16:24:18+00:00,usd_mxn,17.73,17.74,0.056
2024-07-17 16:24:19+00:00,usd_mxn,17.73,17.74,0.056
2024-07-17 16:24:20+00:00,usd_mxn,17.73,17.74,0.056
2024-07-17 16:24:21+00:00,usd_mxn,17.73,17.74,0.056
2024-07-17 16:24:22+00:00,usd_mxn,17.73,17.74,0.056
2024-07-17 16:24:23+00:00,usd_mxn,17.73,17.74,0.056
2024-07-17 16:24:24+00:00,usd_mxn,17.73,17.74,0.056
2024-07-17 16:24:25+00:00,usd_mxn,17.73,17.74,0.056
2024-07-17 16:24:26+00:00,usd_mxn,17.73,17.74,0.056
2024-07-17 16:24:27+00:00,usd_mxn,17.73,17.74,0.056
2024-07-17 16:24:28+00:00,usd_mxn,17.73,17.74,0.056
2024-07-17 16:24:29+00:00,usd_mxn,17.73,17.74,0.056
2024-07-17 16:24:30+00:00,usd_mxn,17.73,17.74,0.056
2024-07-17 16:24:31+00:00,usd_mxn,17.73,17.74,0.056
2024-07-17 16:24:32+00:00,usd_mxn,17.73,17.74,0.056
2024-07-17 16:24:33+00:00,usd_mxn,17.73,17.74,0.056
2024-07-17 16:24:34+00:00,usd_mxn,17.73,17.74,0.056
2024-07-17 16:24:35+00:00,usd_mxn,17.73,17.74,0.056
2024-07-17 16:24:36+00:00,usd_mxn,17.73,17.74,0.056
2024-07-17 16:24:37+00:00,usd_mxn,17.73,17.74,0.056
2024-07-17 16:24:38+00:00,usd_mxn,17.73,17.74,0.056
2024-07-17 16:24:39+00:00,usd_mxn,17.73,17.74,0.056
2024-07-17 16:24:40+00:00,usd_mxn,17.73,17.74,0.056
2024-07-17 16:24:41+00:00,usd_mxn,17.73,17.74,0.056
2024-07-17 16:24:42+00:00,usd_mxn,17.73,17.74,0.056
2024-07-17 16:24:43+00:00,usd_mxn,17.73,17.74,0.056
2024-07-17 16:24:44+00:00,usd_mxn,17.73,17.74,0.056
2024-07-17 16:24:46+00:00,usd_mxn,17.73,17.74,0.056
2024-07-17 16:24:46+00:00,usd_mxn,17.73,17.74,0.056
2024-07-17 16:24:47+00:00,usd_mxn,17.73,17.74,0.056
2024-07-17 16:24:48+00:00,usd_mxn,17.73,17.74,0.056
2024-07-17 16:24:50+00:00,usd_mxn,17.73,17.74,0.056
2024-07-17 16:24:51+00:00,usd_mxn,17.73,17.74,0.056
2024-07-17 16:24:52+00:00,usd_mxn,17.73,17.74,0.056
2024-07-17 16:24:53+00:00,usd_mxn,17.73,17.74,0.056
2024-07-17 16:24:54+00:00,usd_mxn,17.73,17.74,0.056
2024-07-17 16:24:55+00:00,usd_mxn,17.73,17.74,0.056
2024-07-17 16:24:56+00:00,usd_mxn,17.73,17.74,0.056
2024-07-17 16:24:57+00:00,usd_mxn,17.73,17.74,0.056
2024-07-17 16:24:58+00:00,usd_mxn,17.73,17.74,0.056
2024-07-17 16:24:59+00:00,usd_mxn,17.73,17.74,0.056
2024-07-17 16:25:00+00:00,usd_mxn,17.73,17.74,0.056
2024-07-17 16:25:01+00:00,usd_mxn,17.73,17.74,0.056
2024-07-17 16:25:02+00:00,usd_mxn,17.73,17.74,0.056
2024-07-17 16:25:03+00:00,usd_mxn,17.73,17.74,0.056
2024-07-17 16:25:04+00:00,usd_mxn,17.73,17.74,0.056
2024-07-17 16:25:05+00:00,usd_mxn,17.73,17.74,0.056
2024-07-17 16:25:06+00:00,usd_mxn,17.73,17.74,0.056
2024-07-17 16:25:07+00:00,usd_mxn,17.73,17.74,0.056
2024-07-17 16:25:08+00:00,usd_mxn,17.73,17.74,0.056
2024-07-17 16:25:09+00:00,usd_mxn,17.73,17.74,0.056
2024-07-17 16:25:10+00:00,usd_mxn,17.73,17.74,0.056
2024-07-17 16:25:11+00:00,usd_mxn,17.73,17.74,0.056
2024-07-17 16:25:12+00:00,usd_mxn,17.73,17.74,0.056
2024-07-17 16:25:13+00:00,usd_mxn,17.73,17.74,0.056
2024-07-17 16:25:14+00:00,usd_mxn,17.73,17.74,0.056
2024-07-17 16:25:15+00:00,usd_mxn,17.73,17.74,0.056
2024-07-17 16:25:16+00:00,usd_mxn,17.73,17.74,0.056
2024-07-17 16:25:17+00:00,usd_mxn,17.73,17.74,0.056
2024-07-17 16:25:18+00:00,usd_mxn,17.73,17.74,0.056
2024-07-17 16:25:19+00:00,usd_mxn,17.73,17.74,0.056
2024-07-17 16:25:20+00:00,usd_mxn,17.73,17.74,0.056
2024-07-17 16:25:21+00:00,usd_mxn,17.73,17.74,0.056
2024-07-17 16:25:22+00:00,usd_mxn,17.73,17.74,0.056
2024-07-17 16:25:23+00:00,usd_mxn,17.73,17.74,0.056
2024-07-17 16:25:24+00:00,usd_mxn,17.73,17.74,0.056
2024-07-17 16:25:25+00:00,usd_mxn,17.73,17.74,0.056
2024-07-17 16:25:26+00:00,usd_mxn,17.73,17.74,0.056
2024-07-17 16:25:27+00:00,usd_mxn,17.73,17.74,0.056
2024-07-17 16:25:28+00:00,usd_mxn,17.73,17.74,0.056
2024-07-17 16:25:29+00:00,usd_mxn,17.73,17.74,0.056
2024-07-17 16:25:30+00:00,usd_mxn,17.73,17.74,0.056
2024-07-17 16:25:31+00:00,usd_mxn,17.73,17.74,0.056
2024-07-17 16:25:33+00:00,usd_mxn,17.73,17.74,0.056
2024-07-17 16:25:34+00:00,usd_mxn,17.73,17.74,0.056
2024-07-17 16:25:35+00:00,usd_mxn,17.73,17.74,0.056
2024-07-17 16:25:36+00:00,usd_mxn,17.73,17.74,0.056
2024-07-17 16:25:37+00:00,usd_mxn,17.73,17.74,0.056
2024-07-17 16:25:38+00:00,usd_mxn,17.73,17.74,0.056
2024-07-17 16:25:39+00:00,usd_mxn,17.73,17.74,0.056
2024-07-17 16:25:40+00:00,usd_mxn,17.73,17.74,0.056
2024-07-17 16:25:41+00:00,usd_mxn,17.73,17.74,0.056
2024-07-17 16:25:42+00:00,usd_mxn,17.73,17.74,0.056
2024-07-17 16:25:43+00:00,usd_mxn,17.73,17.74,0.056
2024-07-17 16:25:45+00:00,usd_mxn,17.73,17.74,0.056
2024-07-17 16:25:46+00:00,usd_mxn,17.73,17.74,0.056
2024-07-17 16:25:47+00:00,usd_mxn,17.73,17.74,0.056
2024-07-17 16:25:48+00:00,usd_mxn,17.73,17.74,0.056
2024-07-17 16:25:49+00:00,usd_mxn,17.73,17.74,0.056
2024-07-17 16:25:50+00:00,usd_mxn,17.73,17.74,0.056
2024-07-17 16:25:51+00:00,usd_mxn,17.73,17.74,0.056
2024-07-17 16:25:52+00:00,usd_mxn,17.73,17.74,0.056
2024-07-17 16:25:53+00:00,usd_mxn,17.73,17.74,0.056
2024-07-17 16:25:54+00:00,usd_mxn,17.73,17.74,0.056
2024-07-17 16:25:55+00:00,usd_mxn,17.73,17.74,0.056
2024-07-17 16:25:56+00:00,usd_mxn,17.73,17.74,0.056
2024-07-17 16:25:57+00:00,usd_mxn,17.73,17.74,0.056
2024-07-17 16:25:58+00:00,usd_mxn,17.73,17.74,0.056
2024-07-17 16:25:59+00:00,usd_mxn,17.73,17.74,0.056
2024-07-17 16:26:00+00:00,usd_mxn,17.73,17.74,0.056
2024-07-17 16:26:01+00:00,usd_mxn,17.73,17.74,0.056
2024-07-17 16:26:02+00:00,usd_mxn,17.73,17.74,0.056
2024-07-17 16:26:03+00:00,usd_mxn,17.73,17.74,0.056
2024-07-17 16:26:04+00:00,usd_mxn,17.73,17.74,0.056
2024-07-17 16:26:05+00:00,usd_mxn,17.73,17.74,0.056
2024-07-17 16:26:06+00:00,usd_mxn,17.73,17.74,0.056
2024-07-17 16:26:07+00:00,usd_mxn,17.73,17.74,0.056
2024-07-17 16:26:08+00:00,usd_mxn,17.73,17.74,0.056
2024-07-17 16:26:09+00:00,usd_mxn,17.73,17.74,0.056
2024-07-17 16:26:10+00:00,usd_mxn,17.73,17.74,0.056
2024-07-17 16:26:11+00:00,usd_mxn,17.73,17.74,0.056
2024-07-17 16:26:12+00:00,usd_mxn,17.73,17.74,0.056
2024-07-17 16:26:13+00:00,usd_mxn,17.73,17.74,0.056
2024-07-17 16:26:14+00:00,usd_mxn,17.73,17.74,0.056
2024-07-17 16:26:15+00:00,usd_mxn,17.73,17.74,0.056
2024-07-17 16:26:16+00:00,usd_mxn,17.73,17.74,0.056
2024-07-17 16:26:17+00:00,usd_mxn,17.73,17.74,0.056
2024-07-17 16:26:18+00:00,usd_mxn,17.73,17.74,0.056
2024-07-17 16:26:19+00:00,usd_mxn,17.73,17.74,0.056
2024-07-17 16:26:20+00:00,usd_mxn,17.73,17.74,0.056
2024-07-17 16:26:21+00:00,usd_mxn,17.73,17.74,0.056
2024-07-17 16:26:22+00:00,usd_mxn,17.73,17.74,0.056
2024-07-17 16:26:23+00:00,usd_mxn,17.73,17.74,0.056
2024-07-17 16:26:24+00:00,usd_mxn,17.73,17.74,0.056
2024-07-17 16:26:25+00:00,usd_mxn,17.73,17.74,0.056
2024-07-17 16:26:26+00:00,usd_mxn,17.73,17.74,0.056
2024-07-17 16:26:27+00:00,usd_mxn,17.73,17.74,0.056
2024-07-17 17:02:34+00:00,usd_mxn,17.73,17.74,0.056
2024-07-17 17:02:34+00:00,usd_mxn,17.73,17.74,0.056
2024-07-17 17:02:35+00:00,usd_mxn,17.73,17.74,0.056
2024-07-17 17:02:37+00:00,usd_mxn,17.73,17.74,0.056
2024-07-17 17:02:38+00:00,usd_mxn,17.73,17.74,0.056
2024-07-17 17:02:39+00:00,usd_mxn,17.73,17.74,0.056
2024-07-17 17:02:40+00:00,usd_mxn,17.73,17.74,0.056
2024-07-17 17:02:41+00:00,usd_mxn,17.73,17.74,0.056
2024-07-17 17:02:43+00:00,usd_mxn,17.73,17.74,0.056
2024-07-17 17:02:43+00:00,usd_mxn,17.73,17.74,0.056
2024-07-17 17:02:44+00:00,usd_mxn,17.73,17.74,0.056
2024-07-17 17:02:45+00:00,usd_mxn,17.73,17.74,0.056
2024-07-17 17:02:46+00:00,usd_mxn,17.73,17.74,0.056
2024-07-17 17:02:47+00:00,usd_mxn,17.73,17.74,0.056
2024-07-17 17:02:48+00:00,usd_mxn,17.73,17.74,0.056
2024-07-17 17:02:50+00:00,usd_mxn,17.73,17.74,0.056
2024-07-17 17:02:51+00:00,usd_mxn,17.73,17.74,0.056
2024-07-17 17:02:52+00:00,usd_mxn,17.73,17.74,0.056
2024-07-17 17:02:53+00:00,usd_mxn,17.73,17.74,0.056
2024-07-17 17:02:53+00:00,usd_mxn,17.73,17.74,0.056
2024-07-17 17:02:55+00:00,usd_mxn,17.73,17.74,0.056
2024-07-17 17:02:56+00:00,usd_mxn,17.73,17.74,0.056
2024-07-17 17:02:57+00:00,usd_mxn,17.73,17.74,0.056
2024-07-17 17:02:58+00:00,usd_mxn,17.73,17.74,0.056
2024-07-17 17:02:59+00:00,usd_mxn,17.73,17.74,0.056
2024-07-17 17:03:00+00:00,usd_mxn,17.73,17.74,0.056
2024-07-17 17:03:01+00:00,usd_mxn,17.73,17.74,0.056
2024-07-17 17:03:02+00:00,usd_mxn,17.73,17.74,0.056
2024-07-17 17:03:03+00:00,usd_mxn,17.73,17.74,0.056
2024-07-17 17:03:04+00:00,usd_mxn,17.73,17.75,0.113
2024-07-17 17:03:05+00:00,usd_mxn,17.73,17.75,0.113
2024-07-17 17:03:06+00:00,usd_mxn,17.73,17.75,0.113
2024-07-17 17:03:07+00:00,usd_mxn,17.73,17.75,0.113
2024-07-17 17:03:09+00:00,usd_mxn,17.73,17.75,0.113
2024-07-17 17:03:10+00:00,usd_mxn,17.73,17.75,0.113
2024-07-17 17:03:11+00:00,usd_mxn,17.73,17.75,0.113
2024-07-17 17:03:12+00:00,usd_mxn,17.73,17.75,0.113
2024-07-17 17:03:13+00:00,usd_mxn,17.73,17.75,0.113
2024-07-17 17:03:14+00:00,usd_mxn,17.73,17.75,0.113
2024-07-17 17:03:15+00:00,usd_mxn,17.73,17.75,0.113
2024-07-17 17:03:16+00:00,usd_mxn,17.73,17.75,0.113
2024-07-17 17:03:17+00:00,usd_mxn,17.73,17.75,0.113
2024-07-17 17:03:18+00:00,usd_mxn,17.73,17.75,0.113
2024-07-17 17:03:19+00:00,usd_mxn,17.73,17.75,0.113
2024-07-17 17:03:20+00:00,usd_mxn,17.73,17.75,0.113
2024-07-17 17:03:21+00:00,usd_mxn,17.73,17.75,0.113
2024-07-17 17:03:22+00:00,usd_mxn,17.73,17.75,0.113
2024-07-17 17:03:23+00:00,usd_mxn,17.73,17.75,0.113
2024-07-17 17:03:24+00:00,usd_mxn,17.73,17.75,0.113
2024-07-17 17:03:25+00:00,usd_mxn,17.73,17.75,0.113
2024-07-17 17:03:26+00:00,usd_mxn,17.73,17.75,0.113
2024-07-17 17:03:27+00:00,usd_mxn,17.73,17.75,0.113
2024-07-17 17:03:28+00:00,usd_mxn,17.73,17.75,0.113
2024-07-17 17:03:29+00:00,usd_mxn,17.73,17.75,0.113
2024-07-17 17:03:30+00:00,usd_mxn,17.73,17.75,0.113
2024-07-17 17:03:31+00:00,usd_mxn,17.73,17.75,0.113
2024-07-17 17:03:32+00:00,usd_mxn,17.73,17.75,0.113
2024-07-17 17:03:33+00:00,usd_mxn,17.73,17.75,0.113
2024-07-17 17:03:34+00:00,usd_mxn,17.73,17.75,0.113
2024-07-17 17:03:35+00:00,usd_mxn,17.73,17.75,0.113
2024-07-17 17:03:36+00:00,usd_mxn,17.73,17.75,0.113
2024-07-17 17:03:37+00:00,usd_mxn,17.73,17.75,0.113
2024-07-17 17:03:38+00:00,usd_mxn,17.73,17.75,0.113
2024-07-17 17:03:39+00:00,usd_mxn,17.73,17.75,0.113
2024-07-17 17:03:40+00:00,usd_mxn,17.73,17.75,0.113
2024-07-17 17:03:41+00:00,usd_mxn,17.73,17.75,0.113
2024-07-17 17:03:42+00:00,usd_mxn,17.73,17.75,0.113
2024-07-17 17:03:43+00:00,usd_mxn,17.73,17.75,0.113
2024-07-17 17:03:44+00:00,usd_mxn,17.73,17.75,0.113
2024-07-17 17:03:45+00:00,usd_mxn,17.73,17.75,0.113
2024-07-17 17:03:46+00:00,usd_mxn,17.73,17.75,0.113
2024-07-17 17:03:47+00:00,usd_mxn,17.73,17.75,0.113
2024-07-17 17:03:48+00:00,usd_mxn,17.73,17.75,0.113
2024-07-17 17:03:49+00:00,usd_mxn,17.73,17.75,0.113
2024-07-17 17:03:50+00:00,usd_mxn,17.73,17.75,0.113
2024-07-17 17:03:51+00:00,usd_mxn,17.73,17.75,0.113
2024-07-17 17:03:53+00:00,usd_mxn,17.73,17.75,0.113
2024-07-17 17:03:54+00:00,usd_mxn,17.73,17.75,0.113
2024-07-17 17:03:55+00:00,usd_mxn,17.73,17.75,0.113
2024-07-17 17:03:55+00:00,usd_mxn,17.73,17.75,0.113
2024-07-17 17:03:57+00:00,usd_mxn,17.73,17.75,0.113
2024-07-17 17:03:57+00:00,usd_mxn,17.73,17.75,0.113
2024-07-17 17:03:58+00:00,usd_mxn,17.73,17.75,0.113
2024-07-17 17:04:00+00:00,usd_mxn,17.73,17.75,0.113
2024-07-17 17:04:01+00:00,usd_mxn,17.73,17.75,0.113
2024-07-17 17:04:02+00:00,usd_mxn,17.73,17.75,0.113
2024-07-17 17:04:03+00:00,usd_mxn,17.73,17.75,0.113
2024-07-17 17:04:04+00:00,usd_mxn,17.73,17.75,0.113
2024-07-17 17:04:05+00:00,usd_mxn,17.73,17.75,0.113
2024-07-17 17:04:06+00:00,usd_mxn,17.73,17.75,0.113
2024-07-17 17:04:07+00:00,usd_mxn,17.73,17.75,0.113
2024-07-17 17:04:08+00:00,usd_mxn,17.73,17.75,0.113
2024-07-17 17:04:09+00:00,usd_mxn,17.73,17.75,0.113
2024-07-17 17:04:10+00:00,usd_mxn,17.73,17.75,0.113
2024-07-17 17:04:11+00:00,usd_mxn,17.73,17.75,0.113
2024-07-17 17:04:12+00:00,usd_mxn,17.73,17.75,0.113
2024-07-17 17:04:13+00:00,usd_mxn,17.73,17.75,0.113
2024-07-17 17:04:14+00:00,usd_mxn,17.73,17.75,0.113
2024-07-17 17:04:15+00:00,usd_mxn,17.73,17.75,0.113
2024-07-17 17:04:16+00:00,usd_mxn,17.73,17.75,0.113
2024-07-17 17:04:17+00:00,usd_mxn,17.73,17.74,0.056
2024-07-17 17:04:18+00:00,usd_mxn,17.73,17.74,0.056
2024-07-17 17:04:19+00:00,usd_mxn,17.73,17.74,0.056
2024-07-17 17:04:20+00:00,usd_mxn,17.73,17.74,0.056
2024-07-17 17:04:21+00:00,usd_mxn,17.73,17.74,0.056
2024-07-17 17:04:22+00:00,usd_mxn,17.73,17.74,0.056
2024-07-17 17:04:23+00:00,usd_mxn,17.73,17.74,0.056
2024-07-17 17:04:24+00:00,usd_mxn,17.73,17.74,0.056
2024-07-17 17:04:25+00:00,usd_mxn,17.73,17.74,0.056
2024-07-17 17:04:26+00:00,usd_mxn,17.73,17.74,0.056
2024-07-17 17:04:27+00:00,usd_mxn,17.73,17.74,0.056
2024-07-17 17:04:28+00:00,usd_mxn,17.73,17.74,0.056
2024-07-17 17:04:29+00:00,usd_mxn,17.73,17.74,0.056
2024-07-17 17:04:30+00:00,usd_mxn,17.73,17.74,0.056
2024-07-17 17:04:31+00:00,usd_mxn,17.73,17.74,0.056
2024-07-17 17:04:32+00:00,usd_mxn,17.73,17.74,0.056
2024-07-17 17:04:33+00:00,usd_mxn,17.73,17.74,0.056
2024-07-17 17:04:34+00:00,usd_mxn,17.73,17.74,0.056
2024-07-17 17:04:35+00:00,usd_mxn,17.73,17.74,0.056
2024-07-17 17:04:36+00:00,usd_mxn,17.73,17.74,0.056
2024-07-17 17:04:37+00:00,usd_mxn,17.73,17.74,0.056
2024-07-17 17:04:38+00:00,usd_mxn,17.73,17.74,0.056
2024-07-17 17:04:39+00:00,usd_mxn,17.73,17.74,0.056
2024-07-17 17:04:40+00:00,usd_mxn,17.73,17.74,0.056
2024-07-17 17:04:41+00:00,usd_mxn,17.73,17.74,0.056
2024-07-17 17:04:42+00:00,usd_mxn,17.73,17.74,0.056
2024-07-17 17:04:43+00:00,usd_mxn,17.73,17.74,0.056
2024-07-17 17:04:44+00:00,usd_mxn,17.73,17.74,0.056
2024-07-17 17:04:45+00:00,usd_mxn,17.73,17.74,0.056
2024-07-17 17:04:46+00:00,usd_mxn,17.73,17.74,0.056
2024-07-17 17:04:47+00:00,usd_mxn,17.73,17.74,0.056
2024-07-17 17:04:48+00:00,usd_mxn,17.73,17.74,0.056
2024-07-17 17:04:49+00:00,usd_mxn,17.73,17.74,0.056
2024-07-17 17:04:50+00:00,usd_mxn,17.73,17.74,0.056
2024-07-17 17:04:51+00:00,usd_mxn,17.73,17.74,0.056
2024-07-17 17:04:52+00:00,usd_mxn,17.73,17.74,0.056
2024-07-17 17:04:53+00:00,usd_mxn,17.73,17.74,0.056
2024-07-17 17:04:54+00:00,usd_mxn,17.73,17.74,0.056
2024-07-17 17:04:55+00:00,usd_mxn,17.73,17.74,0.056
2024-07-17 17:04:56+00:00,usd_mxn,17.73,17.74,0.056
2024-07-17 17:04:57+00:00,usd_mxn,17.73,17.74,0.056
2024-07-17 17:04:58+00:00,usd_mxn,17.73,17.74,0.056
2024-07-17 17:04:59+00:00,usd_mxn,17.73,17.74,0.056
2024-07-17 17:05:01+00:00,usd_mxn,17.73,17.74,0.056
2024-07-17 17:05:01+00:00,usd_mxn,17.73,17.74,0.056
2024-07-17 17:05:03+00:00,usd_mxn,17.73,17.74,0.056
2024-07-17 17:05:04+00:00,usd_mxn,17.73,17.74,0.056
2024-07-17 17:05:05+00:00,usd_mxn,17.73,17.74,0.056
2024-07-17 17:05:06+00:00,usd_mxn,17.73,17.74,0.056
2024-07-17 17:05:07+00:00,usd_mxn,17.73,17.74,0.056
2024-07-17 17:05:08+00:00,usd_mxn,17.73,17.74,0.056
2024-07-17 17:05:09+00:00,usd_mxn,17.73,17.74,0.056
2024-07-17 17:05:10+00:00,usd_mxn,17.73,17.74,0.056
2024-07-17 17:05:11+00:00,usd_mxn,17.73,17.74,0.056
2024-07-17 17:05:12+00:00,usd_mxn,17.73,17.74,0.056
2024-07-17 17:05:13+00:00,usd_mxn,17.73,17.74,0.056
2024-07-17 17:05:14+00:00,usd_mxn,17.73,17.74,0.056
2024-07-17 17:05:15+00:00,usd_mxn,17.73,17.74,0.056
2024-07-17 17:05:16+00:00,usd_mxn,17.73,17.74,0.056
2024-07-17 17:05:17+00:00,usd_mxn,17.73,17.74,0.056
2024-07-17 17:05:18+00:00,usd_mxn,17.73,17.74,0.056
2024-07-17 17:05:20+00:00,usd_mxn,17.73,17.74,0.056
2024-07-17 17:05:21+00:00,usd_mxn,17.73,17.74,0.056
2024-07-17 17:05:22+00:00,usd_mxn,17.73,17.74,0.056
2024-07-17 17:05:23+00:00,usd_mxn,17.73,17.74,0.056
2024-07-17 17:05:24+00:00,usd_mxn,17.73,17.74,0.056
2024-07-17 17:05:25+00:00,usd_mxn,17.73,17.74,0.056
2024-07-17 17:05:26+00:00,usd_mxn,17.73,17.74,0.056
2024-07-17 17:05:28+00:00,usd_mxn,17.73,17.74,0.056
2024-07-17 17:05:29+00:00,usd_mxn,17.73,17.74,0.056
2024-07-17 17:05:30+00:00,usd_mxn,17.73,17.74,0.056
2024-07-17 17:05:31+00:00,usd_mxn,17.73,17.74,0.056
2024-07-17 17:05:32+00:00,usd_mxn,17.73,17.74,0.056
2024-07-17 17:05:33+00:00,usd_mxn,17.73,17.74,0.056
2024-07-17 17:05:34+00:00,usd_mxn,17.73,17.75,0.113
2024-07-17 17:05:35+00:00,usd_mxn,17.73,17.75,0.113
2024-07-17 17:05:36+00:00,usd_mxn,17.73,17.75,0.113
2024-07-17 17:05:37+00:00,usd_mxn,17.73,17.75,0.113
2024-07-17 17:05:38+00:00,usd_mxn,17.73,17.75,0.113
2024-07-17 17:05:39+00:00,usd_mxn,17.73,17.75,0.113
2024-07-17 17:05:40+00:00,usd_mxn,17.73,17.75,0.113
2024-07-17 17:05:41+00:00,usd_mxn,17.73,17.75,0.113
2024-07-17 17:05:42+00:00,usd_mxn,17.73,17.75,0.113
2024-07-17 17:05:43+00:00,usd_mxn,17.73,17.75,0.113
2024-07-17 17:05:44+00:00,usd_mxn,17.73,17.75,0.113
2024-07-17 17:05:45+00:00,usd_mxn,17.73,17.75,0.113
2024-07-17 17:05:46+00:00,usd_mxn,17.73,17.75,0.113
2024-07-17 17:05:47+00:00,usd_mxn,17.73,17.75,0.113
2024-07-17 17:05:48+00:00,usd_mxn,17.73,17.75,0.113
2024-07-17 17:05:49+00:00,usd_mxn,17.73,17.75,0.113
2024-07-17 17:05:50+00:00,usd_mxn,17.73,17.75,0.113
2024-07-17 17:05:51+00:00,usd_mxn,17.73,17.75,0.113
2024-07-17 17:05:52+00:00,usd_mxn,17.73,17.75,0.113
2024-07-17 17:05:53+00:00,usd_mxn,17.73,17.75,0.113
2024-07-17 17:05:54+00:00,usd_mxn,17.73,17.75,0.113
2024-07-17 17:05:55+00:00,usd_mxn,17.73,17.75,0.113
2024-07-17 17:05:56+00:00,usd_mxn,17.73,17.75,0.113
2024-07-17 17:05:57+00:00,usd_mxn,17.73,17.75,0.113
2024-07-17 17:05:58+00:00,usd_mxn,17.73,17.75,0.113
2024-07-17 17:05:59+00:00,usd_mxn,17.73,17.75,0.113
2024-07-17 17:06:00+00:00,usd_mxn,17.73,17.75,0.113
2024-07-17 17:06:01+00:00,usd_mxn,17.73,17.75,0.113
2024-07-17 17:06:02+00:00,usd_mxn,17.73,17.75,0.113
2024-07-17 17:06:03+00:00,usd_mxn,17.73,17.75,0.113
2024-07-17 17:06:04+00:00,usd_mxn,17.73,17.75,0.113
2024-07-17 17:06:05+00:00,usd_mxn,17.73,17.75,0.113
2024-07-17 17:06:06+00:00,usd_mxn,17.73,17.75,0.113
2024-07-17 17:06:07+00:00,usd_mxn,17.73,17.75,0.113
2024-07-17 17:06:08+00:00,usd_mxn,17.73,17.75,0.113
2024-07-17 17:06:10+00:00,usd_mxn,17.73,17.75,0.113
2024-07-17 17:06:10+00:00,usd_mxn,17.73,17.75,0.113
2024-07-17 17:06:11+00:00,usd_mxn,17.73,17.75,0.113
2024-07-17 17:06:13+00:00,usd_mxn,17.73,17.75,0.113
2024-07-17 17:06:14+00:00,usd_mxn,17.73,17.75,0.113
2024-07-17 17:06:15+00:00,usd_mxn,17.73,17.75,0.113
2024-07-17 17:06:16+00:00,usd_mxn,17.73,17.75,0.113
2024-07-17 17:06:17+00:00,usd_mxn,17.73,17.75,0.113
2024-07-17 17:06:18+00:00,usd_mxn,17.73,17.75,0.113
2024-07-17 17:06:20+00:00,usd_mxn,17.73,17.75,0.113
2024-07-17 17:06:21+00:00,usd_mxn,17.73,17.75,0.113
2024-07-17 17:06:22+00:00,usd_mxn,17.73,17.75,0.113
2024-07-17 17:06:23+00:00,usd_mxn,17.73,17.75,0.113
2024-07-17 17:06:24+00:00,usd_mxn,17.73,17.75,0.113
2024-07-17 17:06:25+00:00,usd_mxn,17.73,17.75,0.113
2024-07-17 17:06:26+00:00,usd_mxn,17.73,17.75,0.113
2024-07-17 17:06:27+00:00,usd_mxn,17.73,17.75,0.113
2024-07-17 17:06:28+00:00,usd_mxn,17.73,17.75,0.113
2024-07-17 17:06:29+00:00,usd_mxn,17.73,17.75,0.113
2024-07-17 17:06:30+00:00,usd_mxn,17.73,17.75,0.113
2024-07-17 17:06:31+00:00,usd_mxn,17.73,17.75,0.113
2024-07-17 17:06:32+00:00,usd_mxn,17.73,17.75,0.113
2024-07-17 17:06:33+00:00,usd_mxn,17.73,17.75,0.113
2024-07-17 17:06:34+00:00,usd_mxn,17.73,17.75,0.113
2024-07-17 17:06:35+00:00,usd_mxn,17.73,17.75,0.113
2024-07-17 17:06:36+00:00,usd_mxn,17.73,17.75,0.113
2024-07-17 17:06:37+00:00,usd_mxn,17.73,17.75,0.113
2024-07-17 17:06:38+00:00,usd_mxn,17.73,17.75,0.113
2024-07-17 17:06:39+00:00,usd_mxn,17.73,17.75,0.113
2024-07-17 17:06:40+00:00,usd_mxn,17.73,17.75,0.113
2024-07-17 17:06:41+00:00,usd_mxn,17.73,17.75,0.113
2024-07-17 17:06:42+00:00,usd_mxn,17.73,17.75,0.113
2024-07-17 17:06:43+00:00,usd_mxn,17.73,17.75,0.113
2024-07-17 17:06:44+00:00,usd_mxn,17.73,17.75,0.113
2024-07-17 17:06:45+00:00,usd_mxn,17.73,17.75,0.113
2024-07-17 17:06:46+00:00,usd_mxn,17.73,17.75,0.113
2024-07-17 17:06:47+00:00,usd_mxn,17.73,17.75,0.113
2024-07-17 17:06:48+00:00,usd_mxn,17.73,17.75,0.113
2024-07-17 17:06:49+00:00,usd_mxn,17.73,17.75,0.113
2024-07-17 17:06:50+00:00,usd_mxn,17.73,17.75,0.113
2024-07-17 17:06:51+00:00,usd_mxn,17.73,17.75,0.113
2024-07-17 17:06:52+00:00,usd_mxn,17.73,17.75,0.113
2024-07-17 17:06:54+00:00,usd_mxn,17.73,17.75,0.113
2024-07-17 17:06:54+00:00,usd_mxn,17.73,17.75,0.113
2024-07-17 17:06:55+00:00,usd_mxn,17.73,17.75,0.113
2024-07-17 17:06:56+00:00,usd_mxn,17.73,17.75,0.113
2024-07-17 17:06:57+00:00,usd_mxn,17.73,17.75,0.113
2024-07-17 17:06:58+00:00,usd_mxn,17.73,17.75,0.113
2024-07-17 17:06:59+00:00,usd_mxn,17.73,17.75,0.113
2024-07-17 17:07:00+00:00,usd_mxn,17.73,17.75,0.113
2024-07-17 17:07:01+00:00,usd_mxn,17.73,17.75,0.113
2024-07-17 17:07:02+00:00,usd_mxn,17.73,17.75,0.113
2024-07-17 17:07:04+00:00,usd_mxn,17.73,17.75,0.113
2024-07-17 17:07:04+00:00,usd_mxn,17.73,17.75,0.113
2024-07-17 17:07:05+00:00,usd_mxn,17.73,17.75,0.113
2024-07-17 17:07:06+00:00,usd_mxn,17.73,17.75,0.113
2024-07-17 17:07:08+00:00,usd_mxn,17.73,17.75,0.113
2024-07-17 17:07:09+00:00,usd_mxn,17.73,17.75,0.113
2024-07-17 17:07:10+00:00,usd_mxn,17.73,17.75,0.113
2024-07-17 17:07:11+00:00,usd_mxn,17.73,17.75,0.113
2024-07-17 17:07:12+00:00,usd_mxn,17.73,17.75,0.113
2024-07-17 17:07:13+00:00,usd_mxn,17.73,17.75,0.113
2024-07-17 17:07:14+00:00,usd_mxn,17.73,17.75,0.113
2024-07-17 17:07:15+00:00,usd_mxn,17.73,17.75,0.113
2024-07-17 17:07:16+00:00,usd_mxn,17.73,17.75,0.113
2024-07-17 17:07:17+00:00,usd_mxn,17.73,17.75,0.113
2024-07-17 17:07:18+00:00,usd_mxn,17.73,17.75,0.113
2024-07-17 17:07:19+00:00,usd_mxn,17.73,17.75,0.113
2024-07-17 17:07:20+00:00,usd_mxn,17.73,17.75,0.113
2024-07-17 17:07:21+00:00,usd_mxn,17.73,17.75,0.113
2024-07-17 17:07:22+00:00,usd_mxn,17.73,17.75,0.113
2024-07-17 17:07:23+00:00,usd_mxn,17.73,17.75,0.113
2024-07-17 17:07:24+00:00,usd_mxn,17.73,17.75,0.113
2024-07-17 17:07:25+00:00,usd_mxn,17.73,17.75,0.113
2024-07-17 17:07:26+00:00,usd_mxn,17.73,17.75,0.113
2024-07-17 17:07:27+00:00,usd_mxn,17.73,17.75,0.113
2024-07-17 17:07:28+00:00,usd_mxn,17.73,17.75,0.113
2024-07-17 17:07:29+00:00,usd_mxn,17.73,17.75,0.113
2024-07-17 17:07:30+00:00,usd_mxn,17.73,17.75,0.113
2024-07-17 17:07:31+00:00,usd_mxn,17.73,17.75,0.113
2024-07-17 17:07:32+00:00,usd_mxn,17.73,17.74,0.056
2024-07-17 17:07:33+00:00,usd_mxn,17.73,17.74,0.056
2024-07-17 17:07:35+00:00,usd_mxn,17.73,17.74,0.056
2024-07-17 17:07:36+00:00,usd_mxn,17.73,17.74,0.056
2024-07-17 17:07:37+00:00,usd_mxn,17.73,17.74,0.056
2024-07-17 17:07:38+00:00,usd_mxn,17.73,17.74,0.056
